;
0.7666407, 0.32590097, 2.0854266, -1.485711, -0.45707706, 0.6560699, 0.5587854, 0.6064221, 0.4707444, 0.8178322, -0.8757223, -2.1176083
0.5591696, -0.026165513, 1.2656667, -0.6987247, 7.2442775, -1.0388712, -1.3846533, -1.3308206, -4.394309, 0.06359007, 0.0928075, 0.01971099
0.076557286, -1.5174285, 0.38378218, -2.2742016, 7.146439, -0.033890545, -4.333325, -0.26356822, -1.6063416, 0.05846464, -0.039996415, 0.17452097
2.6870427, 4.7033114, 2.1884289, 5.2667537, -6.964795, -0.7621057, -0.9032063, 0.37106186, 0.6175965, 0.11259466, 0.4538991, -0.7876052
2.342742, 0.5333602, 1.4899976, 1.6967856, -0.35483694, -0.7533747, 0.77028364, -0.7458063, 1.0267954, 0.33431822, 0.21165939, 0.1010806
2.006442, 2.486961, 1.4123522, 2.9539201, 0.50442016, -1.323104, -1.9115397, -0.4847931, -2.7946186, -0.0082901055, -2.479127, -0.9482324
-1.2426599, -0.75490373, 0.053436253, -2.0804446, 6.9861417, 1.039141, -2.076263, 0.42297482, -4.1463284, -0.07340033, -0.14288224, 0.03228472
-4.265997, -2.796647, -4.6818013, -3.6095343, 0.26907167, 0.18348008, 0.24485229, 0.29179698, -0.06606746, -0.8724624, -0.020661777, 0.03827571
-0.73950005, -4.4837427, -3.4541626, -2.895068, 5.085623, 0.996295, -4.386034, 1.8975679, 0.032570653, 0.066872984, 0.012990903, 0.009793507
2.897128, 4.393479, 2.6016438, 5.1780996, -12.124816, 0.01711735, 1.1561017, 0.40950868, -0.21440507, -0.005763026, -0.2738568, 0.25130212
-1.1466329, 0.18613067, 0.37116075, -1.0435532, 0.102738775, 0.19296765, -1.3523294, 0.18020302, -3.2038631, -0.10554541, -2.1057496, -0.41448998
-2.2049973, -1.4122915, -4.0702724, 2.5619862, -1.0960765, -0.19337295, 0.7906015, 0.03619748, 0.47929707, -0.6146916, 0.001316864, 0.020084621
;
-1.0125815, -0.055997122, -0.04965869, -0.11299404, -0.45007017, 0.003173779, 0.08076173, 0.84361327, -0.05519005, 0.024496023, 0.10292657, 0.6100058
;
-0.39968044, -0.5951271, -0.56926376, 3.6316447, -0.3257567, 1.0449486, -1.7312324, 0.58548534, -1.1360683, 2.4810703, 0.97881085, -0.13533837
-0.5134698, -0.5420686, -0.6568939, 3.673071, -0.4718848, 0.72454196, -1.6821773, -0.013313379, -1.1495584, 1.7456481, 0.41434628, -0.72445047
-0.21098246, 3.6162846, 1.4365485, 1.2903321, -0.2345757, 0.92139775, 0.14836003, 0.5416442, -0.15020779, -1.5115718, 0.96161187, -0.1578108
-0.9953961, -0.2821633, -0.08800067, 0.1558272, 0.579842, 0.09196136, -0.10986013, 1.9880999, -0.07908356, -0.0052309064, 0.18936451, 1.4580182
-0.9474808, 0.050028067, 0.13480714, 0.23123445, -0.43427217, 0.14791933, 0.002170571, 2.011915, -0.03415524, 0.2967488, 0.34425268, -0.94401133
-0.37532052, -0.3105295, -1.3418083, 1.0935053, -0.21796355, 0.7387984, -2.4207957, 0.014756978, -1.355762, 0.036750026, 0.41356727, -1.7777829
-0.58458513, -0.56119585, -1.0749171, 1.3000681, -0.91456836, 0.444191, -1.605419, -0.8535011, -1.1207699, 1.0196154, 0.43932858, 1.1119556
-0.39353913, -0.61081177, -1.068935, 2.4657888, -0.825821, 0.53984624, -2.010167, 0.7740466, -1.5542576, 0.9158733, 0.36114964, -0.8006645
-0.07684776, 0.23488602, -0.06896491, 0.41956875, -0.36877155, 0.43869865, -0.063384645, 1.7572769, -0.07629058, 0.2750139, 0.5453393, -0.6731809
-0.19854677, 3.0019228, 1.971849, 1.1052654, -0.4947809, 1.2422389, -0.057847682, -0.29831585, -0.18777837, -1.7690605, 1.065528, -0.47775513
-0.64131945, 0.18954514, -1.6826913, -0.07939212, -0.3155712, 0.22606929, -1.9364233, 2.3478084, -0.07363857, -0.717707, 0.14011304, -1.0215672
-2.0586894, 0.06668946, 0.01865511, -0.2173905, -0.27191988, -0.60531604, -0.026191577, 2.853641, -0.021837667, -0.6507117, -0.36901674, 1.8406839
;
0.04525006, 0.032199636, 0.045556393, 0.054519873, 0.97330314, 0.062098008, 0.04653458, 0.04385867, 0.9121041, 0.042565156, 0.055164404, 0.0306539
;
-0.42549792, -0.5236347, 0.50648093, 0.12684898, -0.6721165, -0.4200029, -0.36460155, -0.44340533, -0.90720737, 0.60972756, -0.18656501, -0.126024
0.2547668, 0.48304287, -1.3891095, -1.5599153, 0.206046, 0.5529231, 0.6838013, 0.49798325, 0.26754236, -1.3598645, 0.42670196, 0.7469866
0.099474736, 0.09297903, -0.023720881, 0.77908677, -0.7383142, 0.029975623, 0.073389314, 0.08225129, -0.72925454, -0.013890158, -0.029585963, 0.55567235
0.18188237, 0.25671813, -1.190879, 0.9105451, -0.01589268, 0.6694666, 0.2182976, 0.31606773, 0.034558535, -0.8479232, 1.1392952, -0.28235745
1.3410596, 1.6838202, -0.47678283, -0.39926627, 0.07886895, 0.71073365, 1.2209436, 1.5240088, 0.13920069, -1.2165412, 1.0895854, -2.4888556
1.5885818, 1.6039615, -1.3327386, 0.15371263, 0.22411235, 1.5483493, 0.723679, 1.1943465, 0.24767095, -1.5532578, -0.687431, -0.020542106
;
0.87339884, 0.23323299, 1.4248686, 0.43301177, 0.19508104, 0.0337576
;
-1.3342618, -1.4577057, -1.1815641, -0.9583116, -1.7220641, -2.0493505
;
3.192906
