1 2
1 4
1 5
1 8
1 9
1 10
1 17
1 1010
2 1
2 5
2 8
2 9
3 1
3 4
3 12
4 1
4 3
4 12
4 13
4 14
4 15
5 1
5 9
8 1
8 2
9 1
9 2
9 5
14 4
15 4
15 14
15 16
16 1017
17 1
17 18
24 1
24 2
24 17
24 18
24 19
24 25
24 26
24 27
24 28
24 33
24 34
24 35
24 36
24 37
24 38
24 39
24 41
24 42
24 44
24 52
24 53
24 111
24 125
24 126
24 993
25 24
25 26
25 27
25 33
25 34
25 35
25 36
26 25
27 24
27 25
33 25
34 24
34 35
35 24
35 25
35 34
36 24
36 25
38 24
39 41
39 42
41 39
41 42
41 51
42 39
42 41
42 51
44 41
44 45
45 44
51 41
51 42
52 53
52 54
52 55
52 56
52 57
52 58
52 59
52 60
52 61
52 62
52 68
52 69
52 81
53 40
53 52
53 54
53 55
53 57
53 62
53 64
53 65
53 66
53 67
53 73
53 74
54 52
54 53
54 55
54 57
54 64
54 65
54 66
54 67
54 73
55 52
55 53
55 54
55 57
55 64
55 65
55 66
55 67
55 73
56 52
57 52
57 53
57 55
57 64
57 65
57 66
57 67
57 73
58 68
60 52
60 59
61 52
62 53
62 63
62 70
63 62
63 70
64 53
64 54
64 55
64 57
64 65
65 54
65 55
65 57
66 53
66 54
66 55
66 57
66 67
66 73
67 53
67 54
67 55
67 66
67 73
68 52
68 58
69 52
69 60
70 62
70 63
73 53
73 54
73 55
73 57
73 66
74 53
75 78
75 92
76 77
76 79
76 80
76 85
76 86
77 76
78 75
79 76
80 76
80 79
85 76
89 90
89 91
89 103
89 110
90 89
90 93
90 94
91 89
91 90
92 97
93 90
93 94
94 90
94 93
98 99
98 100
98 108
98 109
99 98
108 98
108 99
108 109
109 98
110 103
111 24
111 52
111 89
111 90
111 98
111 99
111 100
111 101
111 104
111 105
111 106
111 107
111 112
111 113
111 114
111 115
111 116
111 118
111 119
111 120
111 121
111 124
111 125
111 126
111 127
111 144
111 178
111 225
112 111
112 116
112 120
112 121
113 111
113 114
113 117
114 113
114 115
115 111
115 114
115 122
116 111
116 112
116 118
118 111
118 116
118 119
120 111
120 112
121 111
121 112
125 24
125 89
125 111
125 112
125 113
125 114
125 115
125 116
125 117
125 118
125 126
125 127
125 128
125 129
125 130
125 131
125 132
125 133
125 136
125 138
125 139
125 140
125 141
125 142
125 143
125 144
125 145
125 146
125 155
125 178
125 225
126 24
126 89
126 111
126 112
126 113
126 114
126 115
126 116
126 117
126 118
126 119
126 120
126 122
126 125
126 127
126 128
126 129
126 130
126 133
126 138
126 140
126 143
126 144
126 145
126 146
126 155
126 178
126 225
127 126
127 130
128 125
128 126
128 129
128 134
128 146
129 125
129 126
129 128
129 131
129 134
129 135
129 146
130 125
130 126
130 127
130 133
130 138
131 125
131 129
132 125
133 126
133 130
133 139
134 128
134 129
134 135
138 125
138 126
138 130
139 125
140 125
140 126
140 141
141 125
141 140
141 142
142 141
143 125
143 126
144 145
144 146
146 128
146 129
146 144
146 153
153 146
154 24
154 111
154 125
154 126
154 144
154 145
154 155
154 156
154 157
154 158
154 159
154 160
154 161
154 162
154 165
154 174
154 175
154 176
154 177
154 178
154 179
154 194
154 212
154 225
154 321
154 820
154 910
154 952
154 1009
155 154
155 157
155 158
155 159
155 162
155 167
155 168
155 169
156 154
156 160
156 164
156 174
157 154
157 155
157 161
157 166
158 154
158 167
158 168
159 154
159 155
159 162
159 163
160 154
160 156
161 154
161 157
162 154
162 155
162 159
162 170
162 171
163 159
163 173
165 154
166 154
166 157
167 158
168 155
168 158
168 167
170 162
171 162
172 163
172 173
173 163
174 176
174 177
177 174
178 179
178 180
178 191
178 192
178 193
178 212
179 191
180 178
180 181
180 186
181 180
181 186
193 178
194 111
194 125
194 126
194 154
194 178
194 179
194 180
194 195
194 196
194 197
194 198
194 199
194 200
194 201
194 202
194 203
194 204
194 205
194 206
194 207
194 208
194 212
194 213
194 214
194 215
194 219
194 220
194 222
194 223
194 224
194 225
194 244
194 307
194 321
194 820
194 910
194 952
196 194
196 197
196 202
196 203
197 194
197 196
197 202
197 203
197 204
198 194
198 199
198 206
198 207
199 194
199 198
199 206
199 207
201 194
201 209
202 197
203 194
203 196
203 197
204 194
204 197
206 194
206 198
206 199
207 194
207 198
207 199
208 194
209 201
212 178
212 195
212 213
212 214
212 215
212 219
212 220
212 222
213 212
213 214
213 219
214 212
214 213
214 215
214 222
216 234
219 212
219 213
220 212
222 212
222 214
225 111
225 125
225 126
225 178
225 179
225 195
225 196
225 212
225 213
225 214
225 215
225 216
225 217
225 218
225 219
225 221
225 226
225 227
225 228
225 230
225 231
225 232
225 233
225 234
225 239
225 240
225 241
225 242
225 243
225 244
225 307
226 225
226 249
228 229
229 236
230 240
231 225
231 230
232 225
232 233
232 242
233 232
233 234
234 216
234 225
234 233
236 229
240 225
240 230
241 225
242 225
242 232
243 225
243 234
244 248
244 249
244 257
244 258
244 259
244 260
247 254
247 255
248 259
248 260
249 244
249 262
250 251
251 252
253 247
254 247
259 244
259 248
262 249
263 267
263 268
263 272
267 263
267 272
268 263
268 273
272 267
273 263
273 268
275 276
278 269
283 264
285 286
285 287
285 288
285 292
285 293
285 296
285 297
285 298
286 292
286 293
286 296
286 297
286 310
286 320
287 285
287 288
288 285
288 287
288 289
288 299
288 300
289 300
290 295
290 303
290 305
291 265
291 290
291 306
292 285
292 286
292 293
292 296
292 297
293 285
293 286
293 292
293 297
295 290
295 291
295 305
296 286
297 285
297 286
297 293
299 288
300 288
300 289
303 290
307 285
307 286
307 287
307 288
307 289
307 290
307 292
307 293
307 296
307 297
307 298
307 309
307 310
307 317
307 318
307 319
308 312
310 307
314 309
314 315
317 307
318 307
319 307
319 318
321 126
321 154
321 194
321 225
321 285
321 307
321 322
321 323
321 324
321 325
321 326
321 327
321 328
321 329
321 330
321 331
321 332
321 333
321 334
321 335
321 336
321 337
321 338
321 342
321 343
321 345
321 347
321 348
321 357
321 359
321 361
321 367
321 368
321 407
321 820
321 910
321 952
322 321
322 327
322 328
322 333
323 321
323 325
323 326
324 321
324 323
324 325
325 321
325 323
325 324
326 321
326 323
326 332
326 338
326 339
327 321
327 322
327 328
327 334
327 335
328 321
328 322
328 327
328 334
328 335
329 321
329 322
329 330
329 336
330 321
330 329
331 321
332 326
333 322
334 321
334 328
335 321
335 327
335 334
336 329
337 321
338 321
339 326
341 1
341 17
341 24
341 52
341 53
341 89
341 111
341 112
341 125
341 126
341 144
341 154
341 155
341 178
341 179
341 194
341 196
341 212
341 213
341 225
341 227
341 244
341 263
341 264
341 269
341 285
341 286
341 287
341 288
341 289
341 290
341 291
341 292
341 293
341 294
341 295
341 307
341 308
341 309
341 310
341 311
341 312
341 313
341 314
341 316
341 317
341 318
341 320
341 321
341 322
341 323
341 324
341 325
341 326
341 327
341 328
341 329
341 330
341 331
341 332
341 333
341 334
341 335
341 336
341 337
341 338
341 339
341 340
341 342
341 343
341 344
341 345
341 346
341 347
341 348
341 349
341 350
341 351
341 352
341 353
341 354
341 355
341 356
341 357
341 358
341 359
341 360
341 361
341 362
341 363
341 364
341 365
341 366
341 367
341 368
341 369
341 370
341 371
341 372
341 373
341 374
341 375
341 376
341 384
341 385
341 386
341 387
341 388
341 389
341 390
341 391
341 394
341 407
341 408
341 409
341 410
341 412
341 427
341 428
341 442
341 443
341 444
341 445
341 454
341 455
341 456
341 459
341 475
341 476
341 492
341 493
341 509
341 510
341 511
341 528
341 529
341 548
341 549
341 562
341 572
341 573
341 575
341 602
341 613
341 614
341 615
341 636
341 637
341 651
341 669
341 685
341 686
341 714
341 733
341 764
341 765
341 802
341 820
341 821
341 829
341 830
341 847
341 848
341 863
341 891
341 892
341 910
341 937
341 952
341 953
341 954
341 993
341 1009
342 341
342 343
343 341
343 342
344 341
344 342
345 341
345 353
346 341
346 355
346 356
347 341
348 341
348 347
349 341
349 350
350 349
351 341
353 341
353 345
355 341
355 346
356 341
356 346
357 358
357 359
357 360
357 361
357 362
357 363
357 365
357 367
357 368
357 369
357 370
357 372
357 373
357 374
357 375
357 376
357 387
357 407
358 357
358 362
359 357
359 360
359 366
360 357
360 359
361 357
362 357
362 358
363 357
367 358
367 368
367 369
367 370
367 371
367 372
367 373
367 374
367 375
367 376
367 384
367 385
368 358
368 359
368 362
368 367
368 369
368 370
368 372
368 373
368 374
368 376
368 386
368 387
368 407
369 368
369 370
369 373
369 374
369 375
369 376
369 386
370 368
370 369
370 375
370 376
371 367
371 379
372 367
372 368
372 384
373 367
373 368
373 374
374 367
374 368
374 369
374 373
374 386
375 367
375 368
375 369
375 370
375 386
376 367
376 368
376 369
376 370
381 382
385 367
386 368
386 369
386 374
386 375
387 370
388 392
388 426
389 390
389 395
391 390
394 389
395 389
401 402
402 401
407 367
407 368
407 388
407 408
407 409
407 410
407 413
407 414
407 415
407 416
407 421
407 424
407 425
407 427
408 409
408 410
408 413
408 414
408 416
408 425
409 388
409 392
409 396
409 407
409 408
409 410
410 407
410 408
410 409
410 415
410 416
412 407
412 408
413 407
413 408
413 414
413 422
413 423
414 407
414 408
414 413
414 424
415 407
415 408
415 410
416 408
416 410
418 417
418 419
419 417
421 407
423 413
424 407
424 414
425 407
425 410
426 409
427 407
427 428
427 429
427 430
427 431
427 432
427 433
427 436
427 437
427 438
427 439
427 443
427 444
428 427
428 429
428 430
428 431
428 436
428 437
428 443
428 444
429 427
429 428
429 431
429 435
430 427
430 428
430 436
431 428
431 429
432 427
433 427
433 440
436 427
436 430
437 428
438 427
442 443
442 447
442 456
442 459
443 428
443 442
443 444
443 445
443 450
443 451
443 456
444 428
444 429
444 430
444 431
444 435
444 443
444 453
447 442
451 443
452 444
452 453
453 444
453 452
454 427
454 442
454 443
454 455
454 456
454 457
454 458
454 459
454 460
454 461
454 462
454 467
454 475
454 476
454 477
454 478
454 479
454 480
454 481
454 490
454 491
454 492
454 493
454 528
454 548
455 454
455 456
455 458
455 461
455 462
455 467
455 468
455 476
456 442
456 443
456 454
456 455
456 459
456 466
456 473
456 474
457 454
457 460
457 491
458 454
458 455
458 461
458 467
459 454
459 456
459 471
459 473
460 457
461 454
462 455
462 468
466 456
466 459
467 458
473 456
473 466
474 456
475 485
476 455
476 457
476 460
476 477
476 479
476 481
476 490
476 491
477 476
477 478
477 479
477 489
479 476
479 477
479 480
480 479
481 476
483 475
483 484
486 475
489 477
492 475
492 476
492 493
492 494
492 495
492 496
492 497
492 499
492 500
492 501
492 509
492 510
492 511
493 475
493 476
493 492
493 495
493 496
493 497
493 500
493 501
493 509
493 510
494 492
494 498
495 492
495 493
495 496
495 507
496 492
496 493
497 492
497 493
498 494
498 527
499 492
499 504
500 492
500 493
500 501
501 492
501 493
501 500
504 499
504 505
507 495
508 492
508 500
509 492
509 493
509 510
509 511
509 512
509 514
509 515
509 519
509 520
509 521
509 522
509 549
510 494
510 509
510 511
510 512
510 514
510 515
510 516
510 522
510 523
510 525
511 509
511 510
511 512
511 516
511 523
511 524
511 525
512 509
512 510
512 511
512 514
512 515
512 522
513 518
514 509
514 512
515 509
515 510
515 512
516 510
516 525
518 513
520 509
521 509
522 510
522 512
523 511
523 515
524 510
525 510
526 527
527 526
528 454
528 492
528 493
528 509
528 510
528 511
528 512
528 513
528 517
528 529
528 530
528 531
528 532
528 534
528 535
528 544
528 545
528 546
528 548
528 549
528 550
528 551
528 552
528 553
528 562
528 614
528 615
529 528
529 530
529 531
529 534
529 540
529 541
529 542
529 543
530 528
530 529
530 531
530 534
530 542
530 543
531 528
531 529
531 530
532 535
532 545
534 528
534 530
535 528
535 532
535 546
540 529
541 529
542 529
542 530
542 543
543 529
543 530
544 528
545 528
545 532
546 528
546 535
547 1
547 2
547 3
547 4
547 17
547 18
547 24
547 25
547 26
547 27
547 28
547 39
547 40
547 41
547 42
547 44
547 52
547 53
547 54
547 55
547 56
547 57
547 75
547 76
547 77
547 79
547 81
547 89
547 90
547 91
547 92
547 98
547 99
547 111
547 112
547 113
547 114
547 115
547 116
547 118
547 125
547 126
547 127
547 128
547 129
547 130
547 144
547 145
547 146
547 154
547 155
547 156
547 157
547 158
547 159
547 162
547 174
547 178
547 179
547 180
547 194
547 195
547 196
547 197
547 198
547 199
547 201
547 212
547 213
547 214
547 215
547 220
547 225
547 226
547 227
547 228
547 230
547 232
547 233
547 234
547 244
547 245
547 246
547 247
547 248
547 249
547 263
547 264
547 267
547 269
547 285
547 286
547 287
547 288
547 289
547 290
547 291
547 294
547 295
547 307
547 308
547 309
547 310
547 321
547 322
547 323
547 324
547 325
547 326
547 327
547 328
547 329
547 330
547 331
547 332
547 341
547 342
547 343
547 344
547 345
547 346
547 347
547 348
547 357
547 358
547 359
547 360
547 361
547 362
547 363
547 364
547 367
547 368
547 369
547 370
547 371
547 372
547 373
547 374
547 375
547 376
547 377
547 384
547 386
547 388
547 389
547 390
547 391
547 392
547 393
547 394
547 395
547 397
547 400
547 401
547 407
547 408
547 409
547 410
547 411
547 412
547 413
547 414
547 415
547 416
547 417
547 421
547 426
547 427
547 428
547 429
547 430
547 431
547 432
547 433
547 434
547 435
547 436
547 437
547 438
547 439
547 440
547 441
547 442
547 443
547 444
547 445
547 446
547 447
547 448
547 449
547 450
547 451
547 452
547 453
547 454
547 455
547 456
547 457
547 458
547 459
547 460
547 461
547 462
547 463
547 464
547 465
547 466
547 467
547 468
547 469
547 470
547 471
547 472
547 473
547 474
547 475
547 476
547 477
547 478
547 479
547 480
547 481
547 482
547 483
547 484
547 485
547 486
547 487
547 488
547 489
547 490
547 491
547 492
547 493
547 494
547 495
547 496
547 497
547 498
547 499
547 500
547 501
547 502
547 503
547 504
547 505
547 506
547 507
547 508
547 509
547 510
547 511
547 512
547 513
547 514
547 515
547 516
547 517
547 518
547 519
547 520
547 521
547 522
547 523
547 524
547 525
547 526
547 527
547 528
547 529
547 530
547 531
547 532
547 533
547 534
547 535
547 536
547 537
547 538
547 539
547 540
547 541
547 542
547 543
547 544
547 545
547 546
547 548
547 549
547 550
547 551
547 552
547 553
547 554
547 555
547 556
547 557
547 558
547 559
547 560
547 561
547 562
547 563
547 564
547 565
547 566
547 567
547 568
547 569
547 570
547 571
547 572
547 573
547 574
547 575
547 576
547 577
547 578
547 579
547 580
547 581
547 582
547 583
547 584
547 585
547 586
547 587
547 588
547 589
547 590
547 591
547 592
547 593
547 594
547 595
547 596
547 597
547 598
547 599
547 600
547 601
547 602
547 603
547 604
547 605
547 606
547 607
547 608
547 609
547 610
547 611
547 612
547 613
547 614
547 615
547 616
547 617
547 618
547 619
547 620
547 621
547 622
547 623
547 624
547 625
547 626
547 627
547 628
547 629
547 630
547 631
547 632
547 633
547 634
547 635
547 636
547 637
547 638
547 639
547 640
547 641
547 642
547 643
547 644
547 645
547 646
547 647
547 648
547 649
547 650
547 651
547 652
547 653
547 654
547 655
547 656
547 657
547 658
547 659
547 660
547 661
547 662
547 663
547 664
547 665
547 666
547 667
547 668
547 669
547 670
547 671
547 672
547 673
547 677
547 678
547 679
547 680
547 682
547 684
547 685
547 686
547 687
547 688
547 689
547 690
547 691
547 692
547 693
547 694
547 696
547 699
547 700
547 701
547 702
547 703
547 704
547 705
547 706
547 707
547 709
547 711
547 712
547 714
547 715
547 716
547 717
547 718
547 719
547 720
547 721
547 722
547 723
547 725
547 733
547 734
547 735
547 736
547 737
547 738
547 739
547 744
547 750
547 751
547 752
547 753
547 754
547 764
547 765
547 766
547 767
547 768
547 769
547 770
547 771
547 772
547 773
547 787
547 788
547 789
547 790
547 791
547 792
547 802
547 803
547 804
547 805
547 806
547 809
547 820
547 821
547 822
547 829
547 830
547 831
547 833
547 847
547 848
547 849
547 850
547 851
547 863
547 864
547 865
547 866
547 868
547 869
547 870
547 876
547 877
547 878
547 879
547 880
547 891
547 892
547 893
547 894
547 895
547 896
547 897
547 899
547 910
547 911
547 913
547 914
547 925
547 937
547 938
547 939
547 940
547 941
547 952
547 953
547 954
547 955
547 956
547 957
547 958
547 959
547 972
547 973
547 977
547 993
547 994
547 995
547 996
547 999
547 1009
547 1010
547 1011
547 1012
547 1013
548 454
548 492
548 493
548 509
548 510
548 528
548 529
548 530
548 531
548 533
548 547
548 549
548 550
548 551
548 552
548 553
548 556
548 557
548 559
548 560
548 561
548 562
548 563
548 575
548 614
548 615
549 509
549 529
549 547
549 548
549 550
549 551
549 552
549 553
549 556
549 557
549 559
549 560
549 561
550 548
550 549
550 551
550 552
550 555
551 548
551 549
551 550
551 552
551 556
551 559
552 547
552 548
552 549
552 550
552 551
552 556
552 559
553 547
553 548
553 549
553 561
554 547
555 547
555 550
556 547
556 548
556 549
556 551
556 552
557 547
557 548
557 561
559 547
559 548
559 549
559 551
559 552
559 556
560 547
560 548
560 549
561 548
561 549
561 553
561 557
562 528
562 548
562 549
562 550
562 564
562 567
562 574
562 575
562 576
562 577
562 579
562 587
562 588
562 589
562 614
562 615
563 562
563 564
563 565
563 575
563 576
563 577
564 562
564 563
564 565
565 562
565 563
565 564
572 24
572 111
572 125
572 126
572 154
572 178
572 194
572 212
572 225
572 307
572 321
572 341
572 357
572 367
572 368
572 407
572 408
572 409
572 427
572 442
572 443
572 444
572 454
572 455
572 456
572 475
572 476
572 492
572 493
572 495
572 497
572 509
572 510
572 511
572 512
572 528
572 529
572 530
572 531
572 532
572 534
572 548
572 549
572 550
572 551
572 552
572 553
572 554
572 555
572 556
572 557
572 562
572 563
572 564
572 565
572 566
572 567
572 568
572 569
572 570
572 571
572 573
572 574
572 575
572 576
572 577
572 578
572 579
572 580
572 581
572 582
572 583
572 584
572 585
572 586
572 587
572 588
572 589
572 590
572 591
572 592
572 593
572 594
572 595
572 596
572 597
572 598
572 599
572 600
572 601
572 602
572 603
572 604
572 605
572 606
572 611
572 612
572 613
572 614
572 615
572 616
572 617
572 618
572 619
572 621
572 622
572 623
572 624
572 626
572 636
572 637
572 638
572 639
572 651
572 652
572 653
572 654
572 655
572 669
572 685
572 686
572 687
572 699
572 714
572 733
572 764
572 765
572 802
572 803
572 820
572 821
572 829
572 830
572 831
572 847
572 848
572 863
572 891
572 892
572 910
572 937
572 952
572 954
572 993
572 1009
573 528
573 548
573 549
573 550
573 562
573 563
573 572
573 574
573 575
573 576
573 577
573 578
573 579
573 580
573 581
573 582
573 583
573 584
573 585
573 586
573 590
573 591
573 592
573 597
573 599
573 600
573 601
573 602
573 603
573 614
573 615
573 636
573 637
573 669
573 685
573 733
573 820
573 910
574 572
574 573
574 575
574 578
574 580
574 581
574 584
574 585
575 563
575 572
575 573
575 574
575 576
575 577
575 579
575 582
575 583
575 587
576 563
576 572
576 573
576 575
576 577
576 579
576 582
576 583
576 587
577 563
577 572
577 573
577 575
577 576
577 587
578 572
578 573
578 574
578 580
578 581
579 572
579 573
579 575
579 576
579 582
580 572
580 573
580 574
580 578
580 584
581 573
581 574
581 578
582 572
582 573
582 575
582 576
582 579
583 573
584 572
584 574
585 572
585 573
585 574
586 573
587 572
587 575
587 576
587 577
588 572
588 589
589 572
590 591
590 592
591 590
597 590
602 603
602 604
602 605
602 606
602 607
602 626
602 637
603 602
603 611
604 602
604 605
605 604
611 603
613 1
613 17
613 24
613 52
613 111
613 125
613 126
613 154
613 178
613 194
613 212
613 225
613 307
613 321
613 341
613 357
613 367
613 368
613 407
613 408
613 409
613 427
613 442
613 443
613 444
613 454
613 455
613 456
613 475
613 476
613 492
613 493
613 495
613 509
613 510
613 511
613 512
613 528
613 529
613 530
613 531
613 532
613 548
613 549
613 550
613 551
613 552
613 553
613 562
613 563
613 564
613 566
613 572
613 573
613 574
613 575
613 576
613 577
613 578
613 579
613 580
613 581
613 582
613 583
613 587
613 590
613 591
613 592
613 593
613 594
613 595
613 596
613 597
613 598
613 599
613 601
613 602
613 603
613 604
613 605
613 606
613 607
613 608
613 609
613 610
613 611
613 612
613 614
613 615
613 616
613 617
613 618
613 619
613 620
613 621
613 622
613 623
613 624
613 625
613 626
613 627
613 628
613 629
613 630
613 631
613 632
613 633
613 634
613 635
613 636
613 637
613 638
613 639
613 640
613 641
613 642
613 643
613 644
613 645
613 646
613 647
613 648
613 649
613 650
613 651
613 652
613 653
613 654
613 655
613 656
613 657
613 658
613 659
613 661
613 664
613 667
613 669
613 670
613 671
613 672
613 673
613 685
613 686
613 687
613 688
613 689
613 690
613 692
613 693
613 694
613 699
613 700
613 701
613 702
613 714
613 715
613 716
613 718
613 719
613 733
613 734
613 735
613 750
613 751
613 752
613 764
613 765
613 766
613 767
613 787
613 802
613 803
613 820
613 821
613 822
613 829
613 830
613 831
613 847
613 848
613 849
613 863
613 876
613 891
613 892
613 893
613 910
613 937
613 952
613 953
613 954
613 993
613 1009
614 528
614 548
614 562
614 590
614 602
614 603
614 604
614 605
614 606
614 613
614 615
614 616
614 617
614 618
614 619
614 620
614 621
614 622
614 623
614 624
614 625
614 626
614 633
614 634
614 635
614 636
614 637
614 638
614 651
614 652
614 669
614 686
614 714
614 733
615 528
615 548
615 549
615 562
615 574
615 575
615 590
615 602
615 603
615 604
615 605
615 606
615 607
615 608
615 613
615 614
615 616
615 617
615 618
615 619
615 621
615 622
615 623
615 624
615 625
615 626
615 633
615 634
615 635
615 636
615 637
615 651
615 652
615 669
615 686
615 714
615 733
616 613
616 614
616 615
616 617
616 618
616 621
616 622
616 629
616 630
616 631
616 632
617 613
617 614
617 615
617 616
617 618
617 619
617 622
617 623
618 613
618 615
618 616
618 617
618 621
618 622
618 631
618 632
619 613
619 614
619 615
619 617
619 623
619 624
620 613
620 614
621 613
621 614
621 615
621 618
621 631
622 614
622 615
622 616
622 617
622 618
623 613
623 614
623 615
623 617
623 619
624 614
624 615
624 619
624 625
625 613
625 614
625 615
625 624
626 613
626 614
626 615
629 616
630 616
631 613
631 616
631 618
632 613
632 616
632 618
633 614
633 615
634 613
634 614
635 613
635 614
635 615
636 616
636 637
636 638
636 639
636 640
636 641
636 643
636 644
636 645
636 646
636 651
636 652
636 653
636 655
637 602
637 616
637 617
637 618
637 636
637 638
637 639
637 641
637 642
637 648
637 649
637 650
637 651
638 637
638 639
638 640
639 636
639 638
639 641
639 647
640 636
640 638
640 645
641 636
641 637
641 639
641 648
642 637
642 649
643 636
645 636
645 640
646 636
646 638
648 637
648 641
649 637
649 642
651 636
651 652
651 653
651 654
651 657
651 658
651 662
651 673
652 651
652 653
652 654
652 655
652 659
652 664
652 665
652 666
652 667
653 651
653 652
653 654
653 655
653 659
653 664
653 665
653 666
654 651
654 652
654 653
654 659
654 664
654 665
655 653
657 651
657 656
657 660
658 651
659 652
659 653
659 654
659 666
661 651
664 652
664 653
664 654
665 652
665 653
665 654
666 652
667 652
669 614
669 615
669 636
669 637
669 651
669 652
669 653
669 654
669 670
669 671
669 672
669 677
669 678
669 679
669 680
669 681
669 682
669 688
669 689
669 690
669 694
669 699
669 714
669 733
670 669
670 677
671 669
671 672
671 680
672 669
672 671
673 669
677 669
678 669
680 669
680 671
680 681
681 669
681 680
682 669
682 683
685 528
685 548
685 573
685 614
685 615
685 636
685 637
685 651
685 652
685 669
685 670
685 671
685 686
685 687
685 688
685 689
685 690
685 691
685 692
685 693
685 694
685 695
685 696
685 697
685 699
685 700
685 701
685 702
685 703
685 705
685 707
685 711
685 712
685 713
685 714
685 715
685 719
685 733
685 750
685 764
685 765
685 820
685 821
685 910
685 937
685 952
686 614
686 615
686 651
686 669
686 685
686 687
686 689
686 690
686 691
686 692
686 695
686 699
686 701
686 702
686 711
686 712
686 713
686 714
686 733
687 685
687 686
687 699
688 685
688 686
688 689
688 690
688 692
688 693
688 696
688 697
689 688
690 685
690 686
690 688
691 685
691 686
691 687
692 685
692 688
692 689
693 688
695 686
696 685
696 688
699 687
699 701
699 702
699 705
699 706
699 707
699 709
701 699
701 703
701 704
702 699
702 707
703 701
704 701
705 699
705 706
705 709
706 699
706 705
706 710
707 699
707 702
709 699
709 705
709 706
709 710
714 614
714 615
714 669
714 686
714 699
714 700
714 701
714 716
714 717
714 718
714 719
714 721
714 722
714 723
714 725
714 727
714 728
714 729
714 733
714 735
714 750
714 751
714 764
714 765
714 821
715 714
715 717
716 714
716 715
716 717
718 714
718 720
718 725
718 726
719 700
719 714
719 721
719 723
719 731
720 714
720 718
720 729
720 730
721 719
722 721
723 714
723 719
725 714
725 718
726 718
728 714
729 714
730 720
731 719
731 732
733 614
733 615
733 669
733 686
733 699
733 714
733 715
733 716
733 717
733 718
733 719
733 720
733 724
733 734
733 735
733 742
733 744
733 745
733 746
733 747
733 748
733 749
733 751
733 752
733 764
733 765
733 766
733 821
734 740
734 741
738 733
738 744
738 745
741 734
742 743
744 733
744 738
745 733
745 738
745 744
746 747
747 733
747 746
750 751
750 752
750 762
750 763
751 750
751 752
751 763
752 750
752 751
752 763
753 754
754 753
760 761
763 750
763 751
763 752
764 714
764 733
764 750
764 751
764 765
764 766
764 767
764 768
764 769
764 770
764 771
764 772
764 773
764 776
764 777
764 778
764 779
764 780
764 781
764 782
764 783
764 784
764 785
764 787
764 788
764 789
764 792
764 803
764 821
765 750
765 751
765 764
765 766
765 767
765 771
765 772
765 773
765 785
765 786
766 764
766 765
766 767
766 783
767 764
767 766
767 771
767 772
767 773
768 764
768 769
768 774
768 775
770 764
770 776
771 764
771 765
771 767
771 772
771 773
772 764
772 765
772 771
772 773
773 764
773 765
773 767
773 771
773 772
774 768
776 764
776 770
778 764
779 764
780 764
781 764
782 764
783 764
783 766
783 784
784 766
784 783
785 764
785 765
786 765
787 788
787 791
787 795
787 796
787 797
788 787
788 789
789 788
789 798
789 799
791 787
791 796
791 797
792 800
795 787
796 787
796 791
796 797
797 791
798 799
799 789
799 798
801 792
802 24
802 111
802 125
802 126
802 154
802 194
802 225
802 321
802 528
802 548
802 573
802 614
802 615
802 669
802 685
802 686
802 714
802 733
802 750
802 751
802 764
802 765
802 766
802 767
802 787
802 788
802 789
802 790
802 791
802 792
802 803
802 804
802 805
802 806
802 807
802 808
802 809
802 810
802 811
802 812
802 813
802 814
802 815
802 816
802 817
802 818
802 819
802 820
802 821
802 822
802 824
802 825
802 826
802 827
802 828
802 829
802 830
802 831
802 847
802 848
802 849
802 850
802 851
802 863
802 876
802 891
802 892
802 893
802 910
802 937
802 952
802 954
802 993
802 1009
803 802
803 805
803 806
803 807
803 808
803 812
804 803
804 807
804 808
804 811
805 802
805 803
805 813
805 814
805 815
805 816
806 802
806 803
806 819
807 802
807 803
807 804
807 810
808 804
809 802
810 802
810 807
811 802
811 804
811 808
812 802
812 803
813 802
813 814
814 802
814 805
814 813
814 815
815 802
815 805
815 814
815 816
816 802
816 815
817 802
820 24
820 111
820 126
820 154
820 194
820 321
820 528
820 548
820 573
820 614
820 615
820 669
820 685
820 686
820 714
820 733
820 750
820 751
820 764
820 765
820 766
820 767
820 787
820 788
820 789
820 790
820 803
820 804
820 805
820 806
820 807
820 808
820 809
820 810
820 811
820 812
820 813
820 814
820 815
820 816
820 817
820 821
820 822
820 824
820 825
820 826
820 827
820 828
820 829
820 830
820 831
820 847
820 848
820 849
820 850
820 851
820 863
820 876
820 891
820 892
820 893
820 910
820 937
820 952
820 954
820 993
820 1009
821 714
821 733
821 764
821 765
821 803
821 804
821 805
821 807
821 820
821 822
821 824
821 825
821 826
821 827
821 829
821 830
821 831
821 847
821 848
821 849
821 850
821 863
821 891
821 892
822 820
822 821
822 824
824 820
824 821
824 822
825 820
825 821
826 821
828 820
829 830
829 831
829 832
829 833
829 837
829 838
829 839
829 847
829 848
829 849
829 850
829 851
829 863
830 829
830 831
830 833
830 838
830 839
830 840
830 847
830 848
830 849
830 850
830 863
831 822
831 829
831 830
831 833
831 840
831 841
831 847
831 848
831 849
831 850
832 837
833 829
833 830
833 831
835 834
837 829
837 832
838 829
838 830
839 829
839 830
840 830
840 831
842 843
842 844
843 844
844 842
844 843
845 846
846 845
847 829
847 830
847 831
847 848
847 849
847 850
847 851
847 859
847 860
847 861
847 862
847 863
848 829
848 830
848 831
848 832
848 834
848 835
848 836
848 837
848 847
848 849
848 850
848 851
848 861
848 862
848 863
849 847
849 848
849 850
849 851
849 860
850 848
850 849
850 851
850 861
850 862
851 847
851 848
851 849
851 850
851 860
852 856
854 853
856 852
859 847
860 847
860 849
860 851
861 847
861 848
861 849
862 847
862 848
862 850
863 829
863 830
863 847
863 848
863 849
863 865
863 866
863 868
863 869
863 870
863 875
863 876
864 871
864 880
865 867
865 872
866 863
867 865
868 863
870 863
871 864
872 865
875 863
876 863
876 877
876 878
876 881
876 882
876 883
877 876
878 876
878 883
879 886
880 890
881 876
882 876
883 876
883 878
886 879
887 888
887 889
888 887
889 887
890 880
891 821
891 847
891 848
891 863
891 876
891 877
891 892
891 893
891 894
891 895
891 896
891 897
891 898
891 899
891 900
891 901
891 902
891 903
891 905
891 906
891 907
891 911
892 821
892 829
892 847
892 848
892 863
892 876
892 877
892 878
892 881
892 891
892 893
892 894
892 895
892 896
892 897
892 898
892 899
892 900
892 901
892 902
892 904
892 906
892 907
892 908
892 909
892 911
892 954
893 891
893 892
893 894
893 895
893 897
893 903
893 911
893 924
894 891
894 892
894 893
894 897
894 903
894 911
895 891
895 892
895 893
895 898
896 891
896 892
896 899
896 900
896 901
896 902
896 907
896 908
896 909
897 891
897 892
897 893
897 894
898 891
898 895
899 891
899 892
899 896
899 900
899 901
899 902
899 907
900 892
900 896
900 901
900 902
900 907
901 891
901 892
901 896
901 899
901 902
902 891
902 892
902 896
902 899
902 901
902 908
903 891
904 891
906 891
906 892
907 891
907 892
907 896
907 899
907 900
908 896
908 902
908 909
909 892
909 896
909 908
910 1
910 17
910 24
910 111
910 125
910 126
910 154
910 194
910 225
910 321
910 573
910 614
910 615
910 669
910 685
910 714
910 733
910 764
910 765
910 803
910 820
910 821
910 829
910 830
910 831
910 847
910 848
910 849
910 850
910 863
910 876
910 877
910 878
910 891
910 892
910 893
910 894
910 895
910 896
910 897
910 898
910 899
910 900
910 901
910 902
910 903
910 904
910 905
910 906
910 907
910 911
910 912
910 913
910 914
910 915
910 916
910 917
910 918
910 920
910 921
910 922
910 923
910 924
910 925
910 937
910 938
910 939
910 952
910 953
910 954
910 993
910 1009
911 910
911 917
911 923
912 910
914 910
915 910
915 914
915 916
916 910
916 915
917 910
918 910
920 910
921 910
921 914
922 910
922 915
923 910
923 911
924 910
930 931
937 1
937 17
937 24
937 111
937 126
937 685
937 820
937 821
937 847
937 848
937 863
937 876
937 891
937 892
937 893
937 910
937 925
937 938
937 939
937 940
937 941
937 942
937 943
937 944
937 945
937 946
937 947
937 948
937 949
937 950
937 952
937 953
937 954
937 955
937 956
937 957
937 958
937 959
937 961
937 962
937 963
937 964
937 971
937 973
937 993
937 1009
937 1011
938 937
938 939
938 940
938 944
939 937
939 938
939 942
939 945
939 946
939 947
939 948
939 949
940 937
940 938
940 939
940 941
941 937
942 937
943 937
944 937
944 938
945 937
945 939
946 937
946 939
947 939
947 948
948 939
949 937
950 951
952 1
952 17
952 24
952 111
952 125
952 126
952 154
952 194
952 225
952 321
952 615
952 685
952 733
952 764
952 820
952 821
952 829
952 847
952 848
952 863
952 876
952 891
952 893
952 894
952 910
952 925
952 937
952 938
952 939
952 940
952 941
952 942
952 943
952 944
952 945
952 946
952 953
952 954
952 955
952 956
952 957
952 958
952 959
952 960
952 961
952 962
952 963
952 964
952 965
952 966
952 967
952 968
952 969
952 970
952 971
952 972
952 973
952 977
952 993
952 994
952 1009
952 1010
953 938
953 952
953 954
953 955
953 956
953 957
953 958
953 959
953 960
953 961
953 965
953 966
953 973
953 977
954 938
954 939
954 940
954 952
954 953
954 955
954 956
954 957
954 958
954 959
954 961
954 962
954 963
954 964
954 967
954 968
954 969
954 970
954 971
955 952
955 953
955 954
955 956
955 973
955 977
956 952
956 953
956 954
956 955
956 959
956 960
956 965
957 952
957 953
957 954
957 962
957 967
958 952
958 953
958 954
958 957
958 962
958 963
958 967
959 952
959 953
959 954
959 956
959 960
959 965
960 953
960 956
960 959
960 965
961 952
961 953
961 954
962 952
962 954
962 957
962 958
962 967
963 952
963 954
963 958
963 969
964 952
964 954
965 952
965 953
965 956
965 959
965 960
966 952
967 952
967 954
967 957
967 958
967 962
968 963
968 969
969 952
969 954
969 963
969 968
970 952
970 954
970 964
971 952
971 954
972 974
972 982
973 977
973 990
973 991
973 992
974 972
974 982
977 992
978 979
978 980
978 981
979 978
979 980
979 981
980 978
981 978
981 980
982 972
986 985
990 973
990 991
991 973
991 990
993 1
993 17
993 24
993 953
993 954
993 994
993 995
993 996
993 997
993 998
993 1001
993 1002
993 1003
993 1004
993 1005
993 1006
993 1010
993 1011
993 1012
993 1013
993 1022
994 993
994 995
994 997
994 1001
994 1002
994 1011
994 1013
995 993
995 994
995 1006
996 998
996 1007
997 993
997 994
1001 994
1001 1002
1002 993
1002 994
1002 1001
1004 993
1005 993
1006 995
1007 996
1009 1
1009 2
1009 3
1009 4
1009 5
1009 11
1009 12
1009 13
1009 14
1009 15
1009 16
1009 17
1009 18
1009 24
1009 111
1009 125
1009 126
1009 154
1009 820
1009 891
1009 892
1009 910
1009 937
1009 952
1009 953
1009 954
1009 993
1009 994
1009 995
1009 1010
1009 1011
1009 1012
1009 1013
1009 1014
1009 1015
1009 1016
1009 1017
1009 1018
1009 1019
1010 1009
1010 1011
1010 1012
1010 1016
1010 1019
1011 994
1011 995
1011 997
1011 1001
1011 1009
1011 1010
1011 1012
1011 1013
1011 1022
1011 1023
1011 1024
1012 1009
1012 1010
1012 1011
1012 1016
1012 1019
1012 1020
1013 1011
1013 1022
1013 1023
1013 1024
1016 1009
1016 1010
1016 1012
1017 16
1017 1009
1018 1009
1019 1009
1019 1012
1019 1016
1022 1011
1022 1013
1023 1013
1024 1011
1024 1013
