3 120
3 321
3 420
4 381
5 175
6 276
9 458
10 311
11 127
13 11
13 217
13 367
14 255
14 423
14 510
15 281
16 236
16 373
16 421
17 110
17 207
17 485
19 216
20 246
20 400
21 367
23 256
23 292
23 293
23 448
25 165
25 507
30 353
32 233
32 380
32 499
34 142
34 409
35 12
36 56
36 167
37 18
37 163
37 347
38 178
38 383
39 104
39 213
39 384
40 271
40 313
40 375
42 176
42 393
43 98
43 304
43 309
43 499
45 196
45 445
49 35
49 196
49 264
50 3
50 200
50 228
52 68
53 92
55 110
55 225
57 26
59 334
61 49
61 438
63 89
64 27
64 299
64 414
67 272
67 467
68 151
71 51
71 242
72 14
72 122
73 174
74 57
74 127
76 27
77 131
77 234
80 372
81 497
83 438
84 126
84 343
86 427
86 455
87 333
87 363
89 377
90 367
91 476
92 49
92 150
92 396
92 440
93 160
93 200
93 303
93 387
95 73
95 452
96 54
96 386
97 159
98 9
98 56
98 86
98 133
100 402
101 259
101 291
102 213
102 247
105 235
106 485
107 33
107 60
107 180
107 351
108 268
108 377
108 460
110 138
111 181
112 257
112 463
113 105
113 417
113 511
114 154
115 90
116 317
117 18
118 34
118 439
120 215
120 402
120 411
121 6
121 478
123 6
123 225
123 427
124 30
125 411
128 418
129 204
129 356
129 417
129 440
130 197
130 355
131 98
131 208
131 217
131 400
131 463
132 390
134 462
135 252
136 72
136 464
137 309
138 21
139 39
139 309
141 359
141 465
142 331
143 9
143 51
146 97
147 61
147 270
148 230
148 463
149 212
149 253
149 353
149 391
150 129
150 318
150 501
152 70
152 351
152 412
155 136
155 289
156 174
156 234
156 267
157 16
157 32
157 340
157 343
158 5
158 29
162 293
163 67
163 107
164 336
164 475
166 73
167 504
169 148
169 188
170 366
172 234
173 436
174 59
175 150
175 293
176 46
176 469
176 489
177 178
177 180
178 471
180 199
180 293
180 348
181 313
182 190
182 315
184 258
184 283
186 420
187 139
188 264
188 269
188 398
190 46
190 437
190 508
191 255
191 494
192 74
192 364
192 406
193 20
193 130
193 149
193 234
194 86
194 222
196 411
197 71
197 218
198 191
198 308
198 469
199 235
200 32
200 156
203 126
203 147
204 248
206 18
207 33
208 185
209 17
209 293
209 404
209 429
210 178
211 235
212 236
213 197
213 326
214 290
215 325
217 408
218 311
220 279
220 283
220 410
221 70
221 296
222 58
222 186
224 172
225 29
226 249
227 134
227 206
228 225
228 462
228 506
229 421
230 475
230 512
231 463
233 391
235 28
235 255
236 50
237 182
237 204
237 290
237 404
238 74
238 102
239 459
240 232
240 399
241 87
242 136
244 412
245 50
245 238
246 185
246 500
246 501
247 158
247 277
247 452
249 214
249 225
250 13
251 185
251 198
252 258
253 236
253 420
254 492
256 330
257 210
258 124
260 179
260 344
260 358
260 363
260 364
260 384
261 20
261 86
262 200
262 430
263 100
263 167
263 300
263 376
264 244
264 487
265 173
265 428
265 484
266 432
266 479
267 97
268 459
269 268
269 336
270 318
270 461
271 48
273 61
273 119
275 250
275 501
278 195
278 196
280 345
281 10
281 272
281 381
281 485
283 134
283 206
284 72
284 154
284 175
284 432
285 6
285 288
286 365
287 359
288 371
289 94
290 86
292 112
293 219
293 417
294 146
294 466
295 462
296 160
297 9
297 132
297 146
299 82
299 318
300 160
300 409
300 477
301 98
302 314
303 77
304 146
305 46
305 456
306 474
307 75
307 196
309 206
310 116
311 3
311 444
312 79
312 116
312 126
312 184
312 296
312 320
312 431
313 417
314 213
315 297
315 340
317 469
318 48
319 313
319 371
322 195
322 217
322 338
323 77
324 14
325 148
325 453
326 263
328 334
329 390
329 499
330 120
331 437
331 465
331 505
332 40
333 67
333 365
334 486
336 107
336 280
337 102
337 380
338 8
338 42
338 61
338 469
339 103
339 157
340 155
341 229
342 244
342 397
343 314
344 389
347 189
349 97
349 254
350 32
350 412
351 16
351 181
351 313
352 407
352 505
353 154
354 2
354 339
356 424
357 305
359 31
360 485
361 50
361 151
361 306
362 331
362 381
362 436
362 461
363 460
365 428
367 99
367 361
369 271
369 313
369 320
370 95
370 174
371 304
372 108
374 417
375 44
376 180
376 393
378 382
379 94
380 475
382 117
383 59
383 307
383 371
386 453
391 330
391 464
392 17
392 369
393 233
393 420
394 414
396 37
396 146
396 482
400 434
403 470
404 159
405 335
405 392
408 269
408 452
409 188
410 203
410 325
410 511
411 293
412 44
412 382
415 74
416 379
416 420
416 485
418 208
418 227
419 209
421 54
421 200
422 365
422 419
423 60
424 172
424 328
424 363
425 337
425 455
428 48
428 111
428 474
428 479
429 26
429 243
430 244
430 398
432 359
433 230
433 345
434 204
436 290
437 44
437 105
437 245
437 396
438 128
439 122
439 178
441 481
443 50
443 201
445 216
446 363
446 470
447 54
448 4
448 297
450 510
451 32
451 352
452 73
453 84
453 109
453 195
454 110
454 340
454 383
456 301
456 479
457 180
458 153
458 182
458 195
459 62
460 96
462 420
467 265
468 379
469 465
471 176
471 213
472 496
473 439
474 213
475 141
475 352
476 401
476 429
479 395
481 147
482 154
482 341
483 253
483 410
484 324
484 412
485 39
487 323
488 459
493 314
493 504
494 161
494 377
494 415
494 475
495 19
495 22
496 200
497 89
500 375
501 264
502 41
502 376
503 36
503 458
504 265
504 455
507 165
508 20
509 422
510 192
