1 2
1 5
1 6
2 1
2 5
2 6
4 7
4 15
4 26
4 31
5 1
5 2
5 6
6 2
6 5
6 7
7 4
7 5
7 6
7 15
7 17
7 26
7 30
8 9
8 10
8 11
8 13
8 14
8 38
8 39
9 8
9 38
9 40
10 8
10 11
11 3
11 8
11 10
12 13
12 45
12 46
12 53
12 54
13 8
13 12
13 14
13 38
13 43
13 45
13 46
14 12
14 13
14 38
14 43
14 45
14 46
15 4
15 7
15 26
15 30
16 17
16 18
16 19
17 7
17 18
18 17
19 16
19 22
19 27
19 29
19 30
19 31
19 33
19 35
20 21
21 20
21 23
22 19
22 23
22 25
22 32
22 33
22 35
22 36
22 74
23 20
23 21
23 22
23 24
23 25
23 34
23 36
23 74
23 82
24 20
24 21
24 23
25 21
25 22
25 23
25 34
25 35
25 36
25 82
26 4
26 15
26 27
26 29
26 31
27 19
27 29
27 30
27 31
27 32
27 33
28 37
28 55
28 56
28 58
28 60
29 19
29 26
29 27
29 30
29 31
29 32
30 4
30 7
30 15
30 19
30 26
30 27
30 29
30 31
31 4
31 26
31 27
31 29
31 30
32 19
32 22
32 27
32 29
32 33
32 34
32 35
32 36
32 37
33 19
33 22
33 27
33 34
33 35
33 36
33 37
34 22
34 23
34 25
34 32
34 35
34 36
34 74
34 82
35 19
35 22
35 25
35 32
35 33
35 34
35 36
35 74
35 82
36 22
36 23
36 25
36 32
36 33
36 34
36 35
36 74
36 81
36 82
37 28
37 33
37 57
37 60
38 8
38 9
38 13
38 14
38 39
38 40
38 43
38 45
39 9
39 38
39 40
40 9
40 38
40 39
40 41
41 40
42 43
42 44
42 45
42 46
42 53
42 54
42 63
42 67
43 12
43 13
43 14
43 38
43 42
43 44
43 45
43 46
44 42
44 43
44 45
44 46
45 12
45 13
45 14
45 38
45 42
45 43
45 44
45 46
46 12
46 14
46 42
46 43
46 44
46 45
47 48
47 49
47 134
48 47
48 49
48 50
48 130
49 47
49 48
50 48
51 52
51 61
51 63
51 64
51 65
51 66
51 67
52 51
52 61
52 63
52 64
52 66
52 132
52 133
52 147
53 12
53 42
53 54
53 55
54 12
54 42
54 53
54 55
55 53
55 54
55 56
55 58
55 60
56 28
56 55
56 58
56 60
57 37
57 59
57 100
58 28
58 55
58 56
58 71
59 57
59 70
59 98
59 100
59 104
59 106
60 28
60 37
60 55
60 56
61 51
61 52
61 62
61 63
61 64
61 65
61 66
61 67
62 64
62 65
62 66
62 68
62 69
62 71
62 73
62 143
62 145
62 146
63 42
63 51
63 52
63 61
63 64
63 65
63 66
63 67
64 51
64 52
64 61
64 62
64 63
64 65
64 66
64 67
64 132
64 133
64 143
64 145
64 147
64 148
65 61
65 62
65 63
65 64
65 66
65 67
65 71
66 51
66 52
66 62
66 63
66 64
66 65
66 133
66 143
66 146
66 147
66 148
67 42
67 51
67 61
67 63
67 64
67 65
68 62
68 69
68 70
68 71
68 72
68 73
68 143
68 146
69 62
69 70
69 73
69 143
69 146
70 59
70 68
70 69
70 71
70 72
70 73
70 104
70 106
71 58
71 62
71 65
71 68
71 70
71 72
71 73
72 59
72 68
72 70
72 71
72 73
72 104
72 105
72 106
73 62
73 65
73 69
73 72
73 146
74 22
74 23
74 25
74 34
74 35
74 36
74 75
74 81
74 82
75 74
75 76
75 77
75 78
75 79
75 81
76 75
76 77
76 78
76 79
77 75
77 76
77 78
77 79
78 75
78 76
78 77
78 79
79 75
79 78
80 84
80 87
80 91
80 93
81 36
81 74
81 75
81 82
81 83
81 99
82 23
82 25
82 34
82 35
82 36
82 81
83 81
83 99
83 103
84 80
84 86
85 87
85 88
85 89
85 91
85 92
86 87
87 80
87 84
87 85
87 86
88 85
88 89
88 90
88 92
88 96
88 97
89 85
89 88
89 90
89 91
89 92
89 97
90 88
90 89
90 97
90 266
90 269
91 80
91 85
91 89
91 92
91 93
92 85
92 89
92 93
92 96
93 80
93 91
93 92
94 95
94 96
94 305
95 90
95 94
95 96
95 266
95 275
96 88
96 89
96 92
96 94
96 95
96 97
97 89
97 90
97 94
97 95
97 96
98 57
98 59
98 99
98 100
99 83
99 98
99 100
99 103
100 37
100 98
100 99
101 103
101 109
101 114
102 101
102 110
102 112
102 114
102 115
103 83
104 59
104 70
104 72
104 105
104 106
105 72
105 106
106 59
106 70
106 72
106 104
106 105
107 101
108 121
108 207
108 208
109 101
109 112
109 119
109 121
110 102
110 112
110 113
110 114
110 115
111 110
111 112
111 113
111 114
111 115
111 117
111 118
112 102
112 109
112 110
112 111
112 113
112 114
112 115
112 120
113 110
113 111
113 112
113 114
113 115
113 117
113 118
114 101
114 102
114 110
114 111
114 112
114 113
115 102
115 110
115 111
115 112
115 113
115 114
115 117
115 118
116 117
116 118
116 120
116 125
117 113
117 116
117 118
118 111
118 113
118 115
118 116
118 117
118 120
119 109
119 121
119 122
120 112
120 116
120 118
120 125
120 126
121 108
121 122
121 123
122 123
122 220
123 108
123 121
123 122
124 126
124 220
125 116
125 120
125 124
125 126
125 308
126 120
126 124
126 125
127 128
127 130
127 131
127 137
128 127
128 129
128 131
128 135
128 137
129 127
129 128
129 130
129 131
129 134
129 137
130 47
130 48
130 127
130 129
131 127
131 128
131 129
131 135
131 137
132 52
132 64
132 133
132 147
133 52
133 66
133 132
133 134
133 147
134 47
134 129
134 132
134 133
135 128
135 140
137 127
137 131
138 135
138 136
138 139
139 135
139 136
140 135
140 141
140 142
140 150
140 159
140 165
140 169
141 140
142 140
142 155
142 165
142 168
142 169
142 185
142 186
143 62
143 64
143 66
143 68
143 69
143 145
143 146
143 147
143 148
144 145
144 148
144 149
144 151
144 152
144 153
144 154
144 157
144 159
144 163
145 62
145 64
145 66
145 143
145 144
145 146
145 147
145 148
146 62
146 66
146 68
146 69
146 73
146 143
146 145
146 148
147 52
147 64
147 132
147 133
147 143
147 145
147 148
148 64
148 66
148 143
148 144
148 145
148 146
148 147
149 144
149 151
149 157
149 160
149 162
150 140
150 142
150 152
150 155
150 158
150 159
150 165
150 168
150 169
150 185
150 186
150 189
151 149
151 152
151 153
151 154
151 155
151 157
151 159
152 144
152 151
152 153
152 154
152 155
152 158
152 159
153 151
153 152
153 154
153 155
153 156
153 157
153 158
153 159
153 160
154 144
154 151
154 152
154 153
154 155
154 156
154 158
154 159
154 160
154 163
154 188
154 191
155 142
155 150
155 151
155 152
155 153
155 154
155 157
155 158
155 159
156 153
156 154
156 158
156 160
156 188
156 191
156 193
156 195
157 144
157 149
157 151
157 152
157 153
157 155
157 159
157 160
157 163
158 150
158 152
158 153
158 154
158 155
158 156
158 159
158 185
158 186
158 188
158 191
158 193
158 195
159 140
159 141
159 144
159 150
159 151
159 152
159 153
159 154
159 155
159 157
159 158
160 149
160 153
160 154
160 156
160 157
160 161
160 162
160 163
160 194
161 160
161 162
161 163
161 194
161 210
162 149
162 160
162 161
162 163
162 210
163 144
163 149
163 157
163 160
163 161
163 162
164 166
164 167
164 168
164 179
164 180
164 182
165 140
165 166
165 168
166 165
166 167
166 168
166 169
166 175
167 164
167 175
167 180
168 142
168 150
168 164
168 165
168 166
168 169
168 179
168 184
168 185
168 186
168 189
169 140
169 150
169 165
169 166
169 168
170 171
170 172
170 173
170 174
170 175
170 177
170 178
170 522
171 170
171 172
171 173
171 174
171 175
171 176
171 177
171 178
171 522
172 170
172 171
172 173
172 174
172 176
172 178
172 522
173 170
173 171
173 172
173 175
173 176
173 178
173 522
173 528
174 170
174 171
174 172
174 178
174 522
175 166
175 167
175 170
175 171
175 173
175 177
175 178
176 171
176 172
176 173
176 181
176 522
176 524
176 525
176 528
177 170
177 171
177 175
177 178
178 170
178 171
178 172
178 173
178 174
178 175
178 176
178 177
178 522
179 164
179 168
179 180
179 181
179 182
179 198
179 199
180 164
180 167
180 179
180 181
180 182
181 176
181 179
181 180
181 182
181 198
181 523
181 528
182 164
182 179
182 180
182 181
182 198
183 184
183 185
183 186
183 187
183 189
183 190
183 191
183 199
183 202
184 168
184 183
184 185
184 186
184 187
184 189
184 190
184 191
184 202
185 142
185 150
185 158
185 168
185 183
185 184
185 186
185 187
185 188
185 189
185 191
186 142
186 150
186 158
186 168
186 183
186 185
186 187
186 188
186 189
186 191
187 183
187 184
187 185
187 186
187 188
187 189
187 190
187 191
187 193
187 199
187 202
188 154
188 156
188 158
188 185
188 187
188 191
188 192
188 193
188 195
189 150
189 164
189 179
189 183
189 184
189 185
189 186
189 187
189 199
190 183
190 184
190 187
190 188
190 191
190 192
190 193
190 195
190 199
190 203
190 204
191 154
191 156
191 158
191 183
191 184
191 185
191 186
191 188
191 190
191 193
192 188
192 190
192 193
192 194
192 195
193 156
193 187
193 188
193 190
193 191
193 192
193 194
193 195
194 160
194 161
194 192
194 193
194 195
195 156
195 158
195 188
195 190
195 192
195 193
195 194
196 197
196 198
196 199
196 200
196 201
196 202
196 543
196 544
197 196
197 200
197 201
197 202
197 203
197 544
198 179
198 181
198 182
198 196
198 199
198 200
198 201
198 202
198 543
199 179
199 183
199 184
199 187
199 189
199 190
199 196
199 198
199 201
199 202
200 196
200 197
200 198
200 201
200 202
200 543
200 544
201 196
201 197
201 198
201 199
201 200
201 202
201 543
201 544
202 187
202 196
202 197
202 198
202 199
202 200
202 201
203 190
203 197
203 204
203 205
204 190
204 192
204 203
205 203
206 207
207 108
207 208
208 108
208 207
209 210
209 212
209 215
209 216
209 217
209 218
209 236
210 161
210 209
210 211
210 212
210 236
211 206
211 210
211 212
211 218
212 209
212 210
212 211
212 215
212 216
212 217
212 218
213 214
213 215
213 217
213 224
214 213
214 224
214 237
215 209
215 213
215 216
215 217
215 236
216 209
216 212
216 236
217 209
217 212
217 213
217 214
217 215
217 218
218 209
218 211
218 212
218 215
218 217
219 220
220 122
220 124
220 219
221 222
221 224
221 225
221 226
221 227
221 228
221 252
222 221
222 223
222 224
222 225
222 226
222 227
222 228
222 250
222 252
222 257
223 221
223 222
223 224
223 225
223 227
223 228
223 252
223 257
224 213
224 214
224 221
224 222
224 223
224 226
224 227
224 228
224 237
224 250
224 252
225 221
225 222
225 223
225 226
225 227
225 228
225 230
226 221
226 222
226 223
226 224
226 225
226 227
226 228
226 230
227 221
227 222
227 223
227 224
227 225
227 226
227 228
227 230
227 257
228 221
228 222
228 223
228 224
228 225
228 226
228 227
228 250
228 252
229 232
229 233
229 255
229 256
230 227
230 231
230 232
231 229
231 230
231 232
231 398
232 229
232 230
232 231
232 398
233 229
233 256
233 257
234 236
235 234
235 239
235 241
235 242
236 209
236 210
236 215
236 216
236 234
237 213
237 214
237 224
237 238
237 248
237 249
237 250
237 251
237 252
238 246
238 248
238 249
238 251
239 234
239 235
239 240
239 241
239 242
239 244
240 239
240 241
240 244
240 245
240 247
240 590
240 591
241 235
241 239
241 240
241 242
241 244
241 245
241 247
241 590
242 205
242 235
242 239
242 241
243 238
243 244
243 246
243 247
243 259
244 240
244 241
244 243
244 245
244 246
244 247
244 590
245 240
245 241
245 243
245 244
245 246
245 247
245 596
246 238
246 244
246 245
246 247
246 259
247 240
247 241
247 244
247 245
247 246
247 596
248 237
248 238
248 249
248 250
248 251
249 237
249 238
249 248
249 250
249 251
249 252
249 253
249 259
250 222
250 224
250 228
250 237
250 248
250 249
250 251
250 252
250 253
251 248
251 249
251 250
251 252
251 253
252 221
252 222
252 223
252 224
252 228
252 248
252 249
252 250
252 251
252 253
252 257
253 248
253 249
253 250
253 251
253 252
253 258
253 261
254 255
254 258
254 263
254 264
254 421
254 422
254 423
255 254
255 256
255 257
255 258
255 421
255 422
256 229
256 233
256 255
256 257
256 421
257 222
257 223
257 227
257 233
257 252
257 255
257 256
257 258
258 253
258 254
258 255
258 257
259 243
259 246
259 249
259 261
260 596
260 598
261 253
262 263
262 264
262 608
262 609
262 610
262 612
262 614
263 254
263 262
263 264
263 430
263 431
263 610
263 776
264 262
264 263
264 421
264 422
264 423
264 430
264 431
265 269
266 90
266 95
266 267
266 268
266 269
266 275
267 266
267 268
267 269
267 270
267 275
267 276
268 266
268 267
268 269
268 270
268 274
268 275
268 276
268 278
269 90
269 265
269 266
269 268
269 270
269 275
270 266
270 267
270 268
270 269
270 274
270 275
271 272
271 273
272 271
272 274
272 278
272 282
272 284
273 271
273 272
273 274
273 282
274 270
274 271
274 272
274 273
274 278
275 95
275 266
275 267
275 268
275 269
275 270
275 276
276 267
276 268
276 270
276 275
276 278
276 279
277 278
277 288
277 292
278 268
278 272
278 274
278 276
278 277
278 284
280 283
280 284
280 286
280 288
280 290
280 294
280 301
281 280
281 286
281 288
281 291
281 294
281 301
282 272
282 273
282 283
283 280
283 282
283 286
284 272
284 278
284 280
284 282
284 288
284 294
285 286
285 329
285 331
286 281
286 283
286 285
286 287
286 290
286 301
286 332
287 285
287 286
287 329
287 331
287 332
288 277
288 280
288 281
288 284
288 289
288 290
288 291
288 292
288 293
288 294
288 301
289 277
289 288
289 292
289 293
289 307
289 311
289 312
290 281
290 286
290 288
290 291
290 297
290 300
290 301
291 277
291 281
291 288
291 290
291 292
291 293
291 294
291 297
291 301
291 311
291 312
292 277
292 288
292 289
292 291
292 293
292 294
292 312
293 288
293 289
293 291
293 292
293 295
293 297
293 300
293 311
293 312
294 280
294 281
294 284
294 288
294 290
294 291
294 292
294 301
295 293
295 296
295 297
295 298
295 300
295 311
295 312
296 295
296 297
296 298
296 299
296 300
296 311
296 338
296 339
296 341
297 290
297 291
297 293
297 295
297 296
297 298
297 301
297 311
297 312
298 295
298 296
298 297
298 299
298 301
298 338
298 339
298 341
299 296
299 298
299 300
299 329
299 338
299 339
299 341
300 290
300 293
300 296
300 297
300 298
300 299
300 301
301 280
301 288
301 290
301 291
301 294
301 297
301 298
301 300
302 303
302 304
302 305
302 306
302 308
303 302
303 304
303 306
303 308
303 309
304 302
304 303
305 302
305 304
306 302
307 289
308 302
308 303
308 304
308 309
310 320
310 321
310 395
310 397
311 289
311 291
311 293
311 295
311 296
311 297
311 300
311 312
311 314
312 289
312 291
312 292
312 293
312 295
312 297
312 311
312 314
313 314
313 316
313 317
313 318
313 319
314 311
314 312
314 313
314 316
314 317
314 319
315 323
315 378
316 313
316 314
316 315
316 317
316 325
317 313
317 314
317 324
317 325
318 313
318 319
319 313
319 314
319 318
319 320
319 321
320 318
320 319
320 322
320 397
320 406
320 407
320 408
321 310
321 319
321 320
321 322
321 397
321 406
321 407
322 320
322 321
322 324
322 325
322 326
322 406
322 409
323 315
323 325
323 367
323 377
323 378
324 317
324 322
324 323
324 325
324 326
324 377
325 316
325 317
325 322
325 323
325 324
325 326
325 377
326 324
326 325
326 405
326 406
326 409
327 328
327 330
327 331
327 334
328 329
328 330
328 331
328 332
328 334
329 287
329 299
329 328
329 331
329 332
329 339
330 327
330 328
330 331
330 333
330 334
330 336
331 285
331 287
331 327
331 328
331 329
331 330
331 332
332 285
332 286
332 287
332 328
332 329
332 331
333 330
333 335
333 336
333 346
334 327
334 328
334 330
334 333
334 336
335 333
335 344
335 346
335 358
336 327
336 333
336 334
337 338
337 340
337 341
337 347
337 348
337 349
337 366
337 369
338 296
338 298
338 299
338 337
338 339
338 340
338 341
339 296
339 298
339 299
339 329
339 338
339 340
339 341
340 337
340 338
340 339
340 341
340 342
340 348
340 349
341 296
341 298
341 299
341 337
341 338
341 339
341 340
342 340
342 344
342 346
343 344
343 345
343 347
343 348
343 349
343 350
343 358
343 360
343 361
343 370
344 335
344 342
344 343
344 346
344 347
344 349
345 343
345 347
345 348
345 349
345 350
345 358
345 360
345 361
346 333
346 335
346 342
346 344
346 347
346 349
346 350
347 337
347 342
347 343
347 344
347 345
347 348
347 349
347 350
347 369
348 337
348 340
348 343
348 345
348 347
348 349
348 350
348 366
348 369
348 372
349 337
349 340
349 342
349 343
349 344
349 345
349 346
349 347
349 348
349 350
349 369
350 342
350 343
350 345
350 346
350 347
350 348
350 349
351 353
351 362
352 351
352 353
352 358
352 359
352 362
353 351
353 352
353 354
355 356
355 357
356 357
357 356
358 335
358 343
358 345
358 352
358 359
359 352
359 358
359 360
359 361
359 362
360 343
360 345
360 359
360 361
360 382
360 384
360 385
361 343
361 345
361 358
361 360
361 384
362 351
362 352
362 359
363 364
363 365
363 386
363 387
364 363
364 365
364 386
365 364
365 387
366 337
366 348
366 367
366 369
366 378
367 315
367 366
367 376
367 377
367 378
368 369
368 370
368 371
368 372
368 379
368 381
368 382
368 384
368 385
369 347
369 348
369 366
369 368
369 370
369 371
369 372
370 343
370 368
370 369
370 371
370 372
370 379
370 381
370 382
370 384
370 385
371 368
371 369
371 370
371 372
371 379
371 381
371 382
371 384
371 385
372 368
372 369
372 370
372 371
372 379
372 381
372 382
372 385
373 374
373 375
373 376
373 377
373 378
373 455
373 457
373 458
374 373
374 375
374 376
374 456
374 457
375 373
375 374
375 376
375 455
375 456
375 457
375 458
376 367
376 373
376 374
376 375
376 378
377 323
377 324
377 325
377 367
378 315
378 366
378 367
378 376
378 377
379 368
379 370
379 371
379 372
379 380
379 381
380 379
380 381
381 368
381 370
381 371
381 372
381 379
381 380
381 382
381 384
381 385
381 388
382 368
382 370
382 371
382 372
382 381
382 383
382 384
383 382
383 384
383 385
383 388
384 361
384 368
384 370
384 382
384 383
384 385
385 360
385 368
385 370
385 371
385 372
385 381
385 382
385 383
385 384
386 363
386 364
386 389
387 363
387 365
387 386
388 380
388 381
388 383
389 386
389 390
391 393
391 394
392 393
392 394
392 398
393 391
393 398
394 391
394 392
394 393
394 395
394 398
394 399
394 402
394 403
395 310
395 394
395 396
395 397
395 402
396 395
396 397
396 402
396 406
396 407
396 408
396 411
396 415
397 310
397 320
397 321
397 395
397 396
397 407
397 408
398 231
398 232
398 392
398 393
398 394
398 399
398 403
399 394
399 398
399 402
399 404
400 401
400 402
400 403
400 404
400 411
400 413
400 427
400 428
400 429
401 400
401 413
401 426
401 427
401 428
401 429
401 437
401 440
402 394
402 395
402 396
402 399
402 400
402 403
403 394
403 398
403 399
403 400
403 402
404 399
404 400
404 402
404 403
405 326
405 406
405 407
405 408
405 409
405 416
406 320
406 321
406 322
406 326
406 405
406 407
406 408
406 409
407 320
407 321
407 397
407 405
407 406
407 408
407 415
408 395
408 396
408 397
408 405
408 406
408 411
409 322
409 326
409 405
409 406
410 409
410 419
411 396
411 400
411 408
411 413
411 415
412 413
412 414
412 417
412 437
412 438
412 439
412 443
412 445
413 400
413 401
413 411
413 412
413 414
413 417
413 429
413 440
414 412
414 413
414 417
414 438
414 439
414 443
414 445
414 446
415 396
415 407
415 408
415 411
415 413
415 416
416 405
417 412
417 414
417 438
417 439
417 440
418 419
418 444
418 446
418 496
419 410
419 418
419 420
420 418
420 419
420 454
421 254
421 255
421 264
421 422
421 423
421 432
422 254
422 255
422 264
422 421
422 423
422 432
423 254
423 264
423 421
423 422
423 432
424 425
424 426
424 427
424 428
425 427
426 401
426 424
426 425
426 427
426 428
426 429
427 400
427 401
427 424
427 425
427 426
427 428
427 429
428 400
428 424
428 426
428 427
428 429
428 437
428 440
429 400
429 401
429 413
429 426
429 427
429 428
429 437
429 440
430 263
430 264
430 431
430 432
430 433
430 776
430 778
431 263
431 264
431 430
431 433
431 776
431 778
432 421
432 422
432 423
432 430
432 431
432 434
433 430
433 431
433 776
433 778
434 432
434 436
436 434
436 435
437 401
437 412
437 413
437 417
437 428
437 429
437 440
438 412
438 414
438 417
438 439
438 441
438 442
438 443
438 445
438 446
438 448
439 412
439 414
439 417
439 438
439 441
439 443
439 445
439 448
439 451
440 413
440 417
440 428
440 429
440 437
441 438
441 439
441 445
441 448
441 449
441 451
441 453
442 438
442 439
442 441
442 449
442 451
443 414
443 438
443 439
443 444
443 446
443 448
444 418
444 443
444 446
444 447
444 448
444 494
444 496
445 412
445 414
445 438
445 441
445 442
445 443
445 446
445 451
445 453
446 412
446 414
446 418
446 443
446 444
446 445
446 447
446 448
446 496
447 444
447 446
447 448
447 494
447 496
448 439
448 441
448 443
448 444
448 445
448 446
448 447
448 453
449 441
449 442
450 792
450 795
451 439
451 441
451 445
451 449
451 453
452 453
453 445
453 448
453 451
453 452
453 494
454 420
454 455
454 456
454 457
454 458
454 463
455 373
455 375
455 454
455 457
455 458
456 373
456 374
456 375
456 454
456 455
456 457
456 458
456 459
457 374
457 375
457 454
457 455
457 456
457 458
458 373
458 375
458 454
459 460
460 459
460 461
460 466
461 459
461 460
461 474
462 463
462 468
462 469
462 470
463 454
463 468
463 470
464 465
464 466
464 467
464 468
464 469
464 471
464 472
464 487
464 488
464 497
464 498
464 499
465 464
465 466
465 467
465 469
465 471
465 486
465 487
465 488
465 498
465 499
466 460
466 464
466 465
466 468
466 469
466 471
466 474
466 487
466 488
467 465
467 468
467 469
467 471
467 472
467 487
467 488
467 497
467 498
467 499
467 500
468 463
468 464
468 465
468 467
468 469
468 471
468 487
469 462
469 464
469 465
469 466
469 467
469 468
469 470
469 471
469 472
469 488
469 498
469 499
470 463
470 469
471 465
471 466
471 467
471 468
471 469
471 472
471 474
471 487
471 488
471 498
471 499
472 464
472 465
472 467
472 469
472 471
472 487
472 488
472 497
472 498
472 499
473 478
473 479
473 483
473 484
473 485
474 460
474 461
474 466
474 471
474 486
474 487
475 476
475 477
475 478
475 479
475 480
475 483
476 475
476 477
476 478
476 479
476 481
476 482
476 483
477 475
477 476
477 478
477 479
477 480
477 481
477 482
477 483
478 473
478 475
478 476
478 477
478 479
478 481
478 482
478 483
478 484
479 473
479 475
479 476
479 477
479 478
479 480
479 481
479 482
479 483
479 484
480 475
480 477
480 478
480 479
480 481
480 483
481 475
481 476
481 477
481 478
481 479
481 480
481 482
481 483
482 473
482 476
482 477
482 478
482 479
482 481
482 483
483 473
483 475
483 476
483 477
483 478
483 479
483 480
483 481
483 482
483 484
484 473
484 478
484 479
484 483
484 485
484 492
485 473
485 484
485 486
485 487
485 488
485 489
485 492
486 465
486 474
486 485
486 487
486 488
486 489
487 464
487 465
487 466
487 467
487 468
487 469
487 471
487 472
487 474
487 485
487 488
487 498
487 499
488 464
488 465
488 466
488 467
488 469
488 471
488 472
488 485
488 486
488 487
488 498
488 499
489 485
489 486
489 492
489 493
489 507
489 508
490 492
490 493
491 480
491 490
491 492
491 493
492 484
492 485
492 489
492 490
492 491
492 493
493 489
493 490
493 491
493 492
493 507
493 508
494 444
494 447
494 453
495 497
495 500
496 418
496 444
496 446
496 447
497 464
497 467
497 472
497 495
497 498
497 499
497 500
498 464
498 465
498 467
498 469
498 472
498 487
498 488
498 497
498 499
499 464
499 465
499 467
499 469
499 471
499 472
499 487
499 488
499 497
499 498
500 467
500 495
501 502
501 505
501 842
501 843
501 844
501 845
502 505
502 842
502 843
502 844
502 845
503 505
503 847
503 849
503 850
504 503
504 505
504 506
504 510
504 511
504 512
505 501
505 502
505 503
505 504
505 843
505 847
505 849
506 504
506 510
506 511
506 512
506 513
507 489
507 493
507 508
507 509
508 489
508 493
508 507
508 509
508 516
509 507
509 508
509 514
509 517
509 519
510 504
510 511
510 512
511 504
511 506
511 510
511 512
511 513
511 516
512 504
512 506
512 510
512 511
512 513
512 518
512 864
513 506
513 510
513 511
513 512
513 515
513 516
513 518
513 519
514 509
514 519
515 513
515 516
515 517
515 518
515 519
515 871
516 508
516 511
516 513
516 515
516 517
516 518
516 519
517 509
517 514
517 515
517 518
517 519
518 512
518 513
518 515
518 516
518 517
518 519
519 509
519 513
519 515
519 516
519 517
519 518
520 521
520 523
520 524
520 525
520 526
520 528
520 532
520 536
520 540
521 520
521 522
521 524
521 525
521 526
521 532
521 536
522 170
522 171
522 172
522 173
522 174
522 176
522 178
522 521
522 524
522 525
522 528
523 181
523 520
523 525
523 526
523 527
523 536
523 539
524 176
524 520
524 521
524 522
524 523
524 525
524 526
524 532
524 536
525 176
525 520
525 521
525 522
525 523
525 524
525 526
525 528
525 532
525 536
526 520
526 521
526 523
526 524
526 528
526 532
526 536
526 537
526 539
526 540
527 523
527 536
527 539
527 542
527 543
527 545
527 550
528 173
528 176
528 181
528 520
528 522
528 523
528 524
528 525
528 526
529 530
529 531
529 532
529 533
529 534
530 529
530 531
530 532
530 533
530 537
531 529
531 530
532 520
532 524
532 525
532 526
532 529
532 530
532 534
532 536
532 537
532 539
532 540
533 530
533 531
533 534
533 535
533 541
533 563
534 529
534 530
534 531
534 532
534 533
534 535
534 537
534 538
534 539
534 540
534 541
535 534
535 537
535 538
535 539
535 540
535 563
536 520
536 523
536 524
536 525
536 526
536 527
536 532
536 534
536 537
536 540
536 550
537 526
537 530
537 532
537 533
537 534
537 535
537 536
537 538
537 539
537 540
537 541
538 534
538 535
538 537
538 540
538 541
538 561
538 563
539 523
539 526
539 527
539 532
539 534
539 535
539 536
539 537
539 540
539 550
540 520
540 526
540 532
540 534
540 535
540 536
540 537
540 538
540 539
540 541
541 533
541 534
541 535
541 537
541 538
541 540
541 561
541 563
542 527
542 543
542 545
542 550
543 196
543 198
543 200
543 201
543 527
543 542
543 544
543 545
544 196
544 197
544 200
544 542
544 543
544 545
545 527
545 542
545 543
546 547
546 548
546 589
547 546
547 548
548 546
548 547
548 556
548 557
548 600
549 551
549 552
549 553
549 554
550 539
550 549
551 549
551 552
551 553
551 554
551 555
551 556
551 557
552 549
552 551
552 553
552 554
553 549
553 551
553 552
553 554
553 555
553 556
553 557
554 538
554 549
554 551
554 552
554 553
554 561
554 575
555 551
555 553
555 556
555 557
556 548
556 551
556 553
556 555
556 557
557 548
557 551
557 553
558 560
559 558
559 560
559 566
559 567
559 568
559 573
560 558
560 559
560 567
561 538
561 541
561 554
561 563
561 564
562 571
562 574
562 575
562 578
562 586
563 533
563 535
563 538
563 541
563 561
563 564
564 561
564 562
564 563
564 571
564 572
564 575
564 578
565 566
565 567
565 568
565 570
566 567
566 568
566 569
566 570
566 573
567 558
567 559
567 560
567 565
567 566
567 568
567 573
568 559
568 565
568 566
568 567
568 569
568 573
568 657
569 568
569 573
569 652
569 657
570 565
570 566
570 654
571 562
571 572
571 574
571 578
571 586
572 562
572 564
572 571
572 574
572 585
572 586
573 559
573 566
573 567
573 568
573 569
573 657
574 562
574 571
574 572
574 585
574 586
575 554
575 562
575 564
575 576
575 577
575 578
576 575
576 577
576 578
576 579
576 581
577 575
577 576
577 578
577 579
577 581
577 588
578 564
578 571
578 575
578 576
578 577
579 577
579 581
579 588
580 581
580 582
580 583
580 623
581 576
581 577
581 579
581 580
581 582
581 583
582 580
582 581
582 623
583 580
584 585
584 586
584 669
585 572
585 574
585 584
585 586
585 669
585 671
586 562
586 571
586 572
586 574
586 585
587 630
587 632
587 633
587 674
587 720
588 577
588 579
588 584
589 546
589 590
589 591
589 592
589 593
590 241
590 589
590 591
590 593
591 240
591 589
591 590
591 597
592 589
592 593
592 601
593 589
593 590
593 591
593 592
593 597
593 600
594 595
594 596
594 597
594 598
594 599
594 602
594 604
595 594
595 596
595 597
595 598
595 599
595 604
596 245
596 247
596 260
596 594
596 597
596 598
596 606
597 590
597 591
597 593
597 594
597 595
597 596
597 602
597 604
598 260
598 594
598 595
598 596
598 599
598 606
599 594
599 595
599 598
599 604
599 615
600 548
600 589
600 592
600 593
600 601
601 602
602 592
602 594
602 595
602 597
602 601
602 603
603 604
603 617
603 624
604 595
604 597
604 599
604 601
604 602
604 603
605 617
605 624
605 626
606 598
606 607
606 608
606 609
607 606
607 612
608 261
608 262
608 606
608 607
608 609
608 612
609 262
609 606
609 607
609 608
609 610
609 612
609 613
610 262
610 263
610 608
610 609
610 612
610 613
610 614
611 612
611 613
611 614
611 620
611 621
611 787
612 262
612 607
612 608
612 609
612 610
612 611
612 613
612 614
613 609
613 610
613 611
613 612
613 614
613 618
613 621
614 262
614 610
614 611
614 612
614 613
614 776
615 616
615 618
615 619
616 615
616 617
616 618
616 619
616 638
617 603
617 605
617 616
617 619
617 624
617 638
618 615
618 616
618 619
618 621
619 599
619 615
619 616
619 617
620 611
620 621
620 643
620 785
620 786
620 787
620 788
621 611
621 612
621 618
621 620
622 623
622 627
623 580
623 582
623 622
623 627
624 605
624 617
624 626
624 638
625 626
625 627
625 628
625 629
625 631
625 634
626 605
626 624
626 625
626 627
626 628
626 629
626 638
627 622
627 623
627 625
627 626
627 631
628 625
628 626
628 627
628 629
628 631
628 634
629 626
629 628
630 587
630 632
630 633
631 625
631 627
631 628
631 632
632 587
632 630
632 631
632 634
634 625
634 628
634 631
634 632
634 636
634 637
635 634
635 636
635 637
635 722
635 724
636 634
636 635
636 637
636 722
636 724
637 634
637 635
637 636
637 722
638 617
638 624
638 626
639 642
639 643
639 644
639 807
640 638
640 641
640 642
640 643
640 644
640 645
641 639
641 640
641 642
641 643
641 644
641 645
641 649
642 639
642 640
642 641
642 643
642 644
642 649
643 620
643 639
643 640
643 641
643 642
643 644
643 645
644 639
644 640
644 642
644 643
644 645
645 640
645 641
645 643
647 646
648 737
648 738
648 739
648 740
649 641
649 642
650 651
650 813
650 814
650 902
651 650
651 739
651 740
651 741
651 902
652 569
652 654
652 655
652 657
652 658
653 652
653 654
653 655
653 657
653 658
653 659
653 661
653 662
654 570
654 652
654 653
654 658
654 659
654 661
654 662
655 652
655 653
655 656
655 658
655 659
655 662
655 665
655 666
655 667
656 658
656 664
656 667
656 670
656 672
656 678
656 679
657 568
657 569
657 573
657 652
657 653
658 652
658 653
658 654
658 655
658 656
658 659
658 660
658 661
658 662
658 665
658 667
659 653
659 654
659 655
659 658
659 660
659 661
659 662
659 663
660 655
660 658
660 659
660 661
660 662
660 663
660 665
660 666
661 653
661 654
661 658
661 659
661 660
661 662
661 663
662 653
662 654
662 655
662 658
662 661
662 663
662 665
663 659
663 660
663 662
663 688
664 656
664 665
664 666
664 667
664 668
664 677
664 678
664 679
664 680
665 655
665 656
665 658
665 660
665 664
665 666
665 667
665 668
666 655
666 660
666 664
666 665
666 667
666 668
666 688
667 655
667 656
667 658
667 664
667 665
667 666
667 668
667 678
668 664
668 666
668 667
668 677
668 678
668 680
669 585
669 671
669 672
670 656
670 669
670 671
670 672
670 679
671 584
671 585
671 669
671 670
671 672
672 656
672 669
672 670
672 671
672 678
672 679
673 674
673 675
673 720
674 587
674 673
675 673
675 676
675 681
676 673
676 675
676 681
677 664
677 680
678 656
678 664
678 667
678 668
678 672
678 677
678 679
678 680
679 664
679 668
679 670
679 672
679 678
679 680
679 681
680 664
680 668
680 677
680 679
681 675
681 676
681 679
682 673
682 683
682 718
682 719
682 726
682 727
682 729
683 682
683 684
683 726
683 727
683 728
683 729
684 702
684 705
684 706
684 727
684 728
685 686
685 687
685 688
685 689
685 692
685 694
685 697
686 685
686 688
686 689
686 694
686 697
687 685
687 686
687 688
687 689
687 692
687 694
687 697
688 660
688 663
688 666
688 685
688 686
688 687
688 689
689 687
689 688
689 690
690 689
690 697
690 699
690 711
691 692
691 693
691 694
691 695
691 696
692 685
692 687
692 691
692 694
692 695
692 696
693 691
693 695
693 698
693 700
694 685
694 686
694 687
694 691
694 692
694 695
694 696
695 691
695 692
695 694
695 696
696 687
696 691
696 692
696 694
696 695
697 685
697 698
697 699
697 700
698 693
698 699
698 700
699 690
699 697
699 698
699 700
699 709
700 693
700 699
700 709
701 711
702 683
702 684
702 704
702 705
702 706
702 727
702 728
702 729
703 704
703 705
703 706
704 702
704 703
704 706
705 684
705 702
705 703
705 704
705 706
705 728
706 684
706 702
706 703
706 704
706 705
707 708
707 709
707 712
708 707
708 709
708 710
708 712
708 715
709 699
709 700
709 707
709 708
709 710
709 711
710 707
710 712
711 699
711 701
711 709
712 707
712 708
712 714
712 715
713 715
713 716
713 758
715 708
715 712
715 714
716 713
716 714
716 715
717 718
717 721
717 725
718 682
718 717
718 719
718 720
718 721
718 726
719 682
719 717
719 718
719 720
719 721
719 726
720 587
720 673
720 718
720 719
720 721
721 717
721 718
721 720
721 726
722 635
722 636
722 723
722 724
722 725
723 722
723 725
723 730
723 733
723 735
724 635
724 636
724 637
724 722
725 717
725 722
725 723
725 726
725 733
726 682
726 683
726 717
726 718
726 719
726 721
726 725
726 727
726 729
727 682
727 683
727 684
727 702
727 726
727 728
727 729
728 684
728 702
728 705
728 729
729 682
729 683
729 702
729 726
729 727
729 728
730 723
730 732
730 733
730 734
730 735
730 746
731 734
732 730
732 733
732 735
732 746
732 747
732 753
733 725
733 730
733 734
733 735
734 731
734 732
734 733
734 746
734 753
735 723
735 730
735 732
735 733
735 738
736 735
736 737
736 739
736 740
736 744
736 747
736 748
737 648
737 736
737 738
737 739
737 740
738 648
738 735
738 737
738 739
738 740
739 648
739 651
739 736
739 737
739 738
739 740
740 648
740 651
740 736
740 737
740 739
741 650
741 651
741 742
741 902
741 903
742 743
742 902
742 903
742 904
743 742
743 903
743 904
743 908
744 736
744 745
744 746
744 747
744 748
744 749
744 750
745 744
745 746
745 747
745 749
745 750
746 730
746 734
746 744
746 745
746 747
746 753
747 732
747 736
747 744
747 745
747 746
747 748
747 749
747 750
748 744
748 747
748 750
748 752
749 745
749 747
749 748
749 750
749 751
749 752
750 744
750 745
750 747
750 748
750 749
750 751
750 752
750 768
751 749
751 750
751 752
751 766
751 767
751 768
751 908
751 938
752 744
752 745
752 748
752 749
752 750
752 751
752 768
753 732
753 734
754 757
754 758
755 758
756 757
756 759
756 761
756 762
757 754
757 758
757 762
758 713
759 756
759 757
759 760
759 761
759 762
760 756
760 759
760 761
760 762
761 756
761 759
761 760
761 762
762 756
762 757
762 759
762 760
762 761
763 764
763 765
763 770
763 771
763 772
764 765
764 770
764 771
764 772
765 763
765 764
765 769
765 772
766 751
766 767
766 768
766 937
766 938
767 751
767 766
767 768
767 769
767 938
768 750
768 751
768 752
768 766
768 767
768 908
768 938
769 765
769 772
769 775
770 761
770 763
770 764
770 771
771 763
771 764
771 770
772 763
772 764
772 765
772 769
773 774
773 942
774 773
774 775
774 942
775 767
775 769
776 263
776 430
776 431
776 433
776 614
776 778
777 781
777 782
777 784
777 786
778 430
778 431
778 433
778 776
779 781
779 789
779 790
779 792
779 800
780 777
780 781
780 782
780 784
780 789
781 777
781 779
781 780
781 784
781 789
782 777
782 780
782 784
782 786
783 620
783 785
783 786
783 787
783 788
784 777
784 781
784 782
784 789
785 620
785 783
785 786
785 787
785 788
786 620
786 777
786 782
786 783
786 785
786 787
786 788
787 611
787 620
787 783
787 785
787 786
787 788
788 620
788 783
788 785
788 786
788 787
789 779
789 780
789 781
789 784
789 800
790 779
790 791
790 792
790 793
790 794
790 796
791 790
791 792
791 793
791 794
791 795
791 796
791 797
791 798
791 802
791 803
792 450
792 779
792 790
792 791
792 793
792 800
793 790
793 792
793 794
793 796
793 800
793 802
793 803
794 450
794 790
794 791
794 793
794 795
794 796
794 798
795 450
795 790
795 791
795 792
795 794
795 796
796 790
796 791
796 793
796 794
796 795
796 797
796 798
796 802
797 791
797 798
797 802
797 803
797 805
798 791
798 794
798 796
798 797
798 802
798 803
799 801
799 824
800 779
800 789
800 790
800 793
801 799
801 824
802 791
802 793
802 796
802 797
802 798
802 803
802 805
802 806
803 791
803 793
803 797
803 798
803 802
803 804
803 805
803 806
804 826
804 828
804 829
804 831
805 797
805 802
805 803
805 806
805 846
805 853
805 854
805 856
806 797
806 802
806 803
806 805
806 828
806 853
806 854
806 856
806 857
807 639
807 821
808 809
808 811
808 817
808 818
808 819
808 820
808 824
808 832
808 835
809 808
809 810
809 811
809 818
809 819
809 820
809 821
811 808
811 809
811 817
811 818
811 819
811 820
811 825
811 832
811 835
812 813
812 814
812 815
812 816
812 822
812 903
812 905
812 906
813 650
813 812
813 814
813 816
813 821
813 905
813 906
814 650
814 812
814 813
814 815
814 816
814 902
814 903
814 905
814 906
815 812
815 813
815 814
815 816
815 817
815 821
815 905
815 906
816 812
816 813
816 814
816 821
816 905
816 906
817 808
817 811
817 815
817 818
817 819
817 820
817 821
817 822
817 832
817 835
818 808
818 809
818 811
818 817
818 819
818 820
818 825
818 832
818 835
819 808
819 809
819 818
819 820
820 808
820 809
820 811
820 817
820 818
820 819
820 821
820 822
820 825
820 832
820 835
821 807
821 809
821 811
821 813
821 815
821 816
821 817
821 818
821 819
821 820
822 812
822 815
822 820
823 825
823 826
823 827
823 832
823 835
824 799
824 801
824 808
824 825
825 808
825 811
825 818
825 820
825 823
825 824
825 832
825 835
826 804
826 823
826 829
826 831
827 823
827 826
827 831
828 804
828 806
828 829
828 831
828 853
828 857
828 880
829 804
829 826
829 827
829 828
829 830
829 831
829 878
829 880
830 827
830 829
830 831
830 838
830 839
830 878
830 880
830 886
831 804
831 826
831 827
831 828
831 829
831 830
831 880
832 808
832 811
832 817
832 818
832 820
832 823
832 825
832 835
832 836
833 834
833 836
833 917
833 919
833 920
834 836
834 840
835 808
835 811
835 817
835 818
835 820
835 823
835 825
835 832
835 836
835 919
836 832
836 833
836 834
836 835
836 919
837 838
837 839
837 840
837 886
837 922
837 923
837 924
837 925
838 830
838 834
838 837
838 839
838 840
838 885
838 886
838 923
839 830
839 837
839 838
839 840
839 885
839 886
839 888
840 834
840 837
840 838
840 839
840 886
840 923
840 924
841 842
841 843
841 844
841 856
842 501
842 502
842 843
842 845
842 846
843 501
843 502
843 841
843 842
843 844
843 845
843 847
844 501
844 502
844 841
844 842
844 843
844 845
844 846
845 501
845 502
845 841
845 842
845 843
845 844
845 846
846 805
846 841
846 842
846 844
846 845
846 856
847 503
847 505
847 843
847 848
847 849
847 850
847 864
848 847
848 850
848 858
848 860
848 862
848 865
849 503
849 505
849 847
849 864
850 503
850 847
850 848
850 858
850 860
850 864
851 852
851 855
851 859
851 861
851 879
852 851
852 856
852 859
853 806
853 828
853 854
853 855
853 856
853 857
853 880
854 805
854 806
854 853
854 855
854 856
854 857
855 851
855 852
855 853
855 854
855 857
855 878
855 879
855 880
856 805
856 806
856 841
856 846
856 852
856 853
856 854
857 806
857 828
857 853
857 854
857 855
857 878
857 879
857 880
858 848
858 850
858 859
858 860
858 874
859 851
859 852
859 860
859 861
859 874
859 881
860 848
860 850
860 858
860 859
860 874
861 851
861 859
861 874
861 881
862 848
862 860
862 863
862 865
862 866
862 867
862 869
862 871
863 862
863 865
863 866
863 867
863 869
863 871
863 872
864 503
864 512
864 847
864 849
864 850
864 865
865 848
865 862
865 863
865 864
865 866
865 869
865 871
866 862
866 863
866 865
866 867
866 871
866 872
867 863
867 866
867 868
867 869
867 871
867 872
868 867
868 870
868 872
869 515
869 862
869 863
869 865
869 867
869 871
869 872
870 868
870 872
871 515
871 862
871 863
871 865
871 866
871 867
871 869
871 872
872 863
872 866
872 867
872 868
872 869
872 870
872 871
872 873
873 870
873 872
874 858
874 859
874 860
874 861
874 891
874 894
875 891
875 894
876 877
876 878
876 879
876 882
876 884
876 885
876 887
876 888
877 876
877 878
877 879
877 882
877 884
877 885
877 888
878 829
878 830
878 855
878 857
878 876
878 877
878 879
878 880
879 851
879 855
879 876
879 877
879 878
879 880
879 882
879 884
880 828
880 829
880 830
880 831
880 853
880 855
880 857
880 878
880 879
881 851
881 859
881 861
881 882
881 883
881 884
882 876
882 877
882 879
882 883
882 884
882 887
882 889
883 881
883 882
883 887
883 889
883 890
884 876
884 877
884 879
884 881
884 882
884 887
884 889
885 838
885 839
885 876
885 886
885 887
885 888
886 830
886 837
886 838
886 839
886 840
886 885
886 888
887 876
887 877
887 882
887 883
887 884
887 885
887 888
887 889
888 839
888 876
888 877
888 886
888 887
889 882
889 883
889 884
889 887
890 883
890 889
890 967
891 875
891 892
891 894
891 895
891 896
892 875
892 891
892 893
892 894
892 895
892 896
892 898
893 892
893 896
893 898
893 899
894 874
894 875
894 891
894 892
894 896
895 891
895 892
895 893
895 894
895 896
896 891
896 892
896 894
896 895
897 898
898 892
898 897
899 893
899 900
902 650
902 651
902 741
902 742
902 743
902 814
902 903
902 904
902 905
903 742
903 743
903 812
903 814
903 904
903 905
903 906
904 742
904 743
904 902
904 903
905 812
905 813
905 814
905 815
905 816
905 902
905 903
905 906
906 812
906 813
906 814
906 815
906 816
906 903
906 905
907 915
907 918
907 919
907 920
908 751
908 909
908 911
909 908
909 910
909 911
909 913
909 916
910 909
910 911
910 916
910 935
910 937
910 939
910 941
911 908
911 909
911 910
911 913
911 916
912 914
912 916
912 926
912 939
912 941
913 909
913 914
914 912
914 913
914 915
915 907
915 914
915 918
915 926
916 909
916 910
916 911
916 912
916 913
916 914
916 939
917 833
917 918
917 919
917 920
917 924
918 907
918 915
918 917
918 920
919 833
919 836
920 833
920 836
920 907
920 917
920 918
920 919
921 917
921 922
921 924
921 925
921 931
922 837
922 921
922 923
922 924
922 925
922 931
923 837
923 838
923 840
923 922
923 924
923 925
923 965
924 837
924 840
924 917
924 921
924 922
924 923
924 925
925 837
925 921
925 922
925 923
925 924
925 931
925 934
926 912
927 926
927 930
927 933
928 929
928 930
928 931
928 932
928 933
928 934
929 928
929 930
929 932
929 933
930 927
930 928
930 931
930 932
930 933
931 922
931 925
931 928
931 929
931 930
931 932
931 933
931 934
931 969
932 928
932 929
932 930
932 931
932 933
932 934
932 969
933 927
933 928
933 929
933 930
933 932
934 925
934 928
934 931
934 932
934 969
935 910
935 936
935 937
935 938
935 939
936 935
936 937
936 938
937 766
937 910
937 935
937 936
937 938
937 939
938 751
938 766
938 767
938 768
938 935
938 936
938 937
939 910
939 916
939 935
939 937
939 941
940 941
940 947
941 910
941 912
941 939
941 940
943 945
943 946
944 945
944 947
944 953
944 954
944 955
944 956
944 958
945 943
945 947
946 945
946 947
947 944
947 945
947 946
947 958
948 949
948 950
948 951
948 960
948 964
949 948
949 950
949 951
949 959
949 960
949 962
949 963
949 964
949 989
949 991
949 992
949 994
950 948
950 949
950 951
950 959
950 962
950 989
950 991
950 994
951 948
951 949
951 950
951 959
951 960
951 962
951 964
951 991
951 992
951 994
951 996
951 997
952 953
952 954
952 955
952 956
952 957
952 961
953 944
953 952
953 954
953 955
953 956
953 957
953 958
953 961
953 963
954 944
954 952
954 953
954 955
954 956
954 957
954 958
954 961
954 963
955 944
955 952
955 953
955 954
955 956
955 957
955 958
956 944
956 952
956 953
956 954
956 955
956 957
956 958
956 961
956 963
957 952
957 953
957 954
957 955
957 956
957 958
957 961
957 963
958 944
958 947
958 953
958 954
958 955
958 956
958 957
958 963
959 949
959 950
959 951
959 960
959 962
959 964
959 989
959 990
959 991
959 992
959 994
959 995
959 996
959 997
960 948
960 949
960 951
960 952
960 957
960 959
960 962
960 963
960 964
961 952
961 953
961 956
961 957
961 960
962 948
962 949
962 950
962 951
962 959
962 960
962 963
962 964
962 989
962 991
962 994
963 948
963 949
963 952
963 953
963 954
963 956
963 957
963 958
963 960
963 962
963 964
964 948
964 949
964 950
964 951
964 959
964 960
964 962
964 963
964 989
964 990
964 992
964 994
964 996
965 923
965 966
965 967
966 965
966 967
966 968
967 965
967 966
967 968
969 931
969 932
969 934
970 971
970 972
970 983
971 970
972 970
973 974
973 975
973 976
973 981
973 983
974 973
974 975
974 977
974 981
974 982
974 983
975 973
975 974
975 981
975 982
975 983
976 975
977 973
977 974
977 975
977 976
977 979
977 981
977 982
977 987
978 901
979 977
979 987
979 988
980 981
980 983
980 984
980 985
980 986
980 1005
980 1012
981 973
981 974
981 975
981 977
981 980
981 982
981 983
981 984
981 985
981 988
982 974
982 975
982 977
982 980
982 983
982 984
982 985
982 986
982 988
983 970
983 973
983 974
983 975
983 980
983 984
983 988
984 980
984 981
984 983
984 985
984 986
984 988
984 1004
984 1005
984 1011
984 1012
985 980
985 981
985 982
985 984
985 987
985 988
985 1005
985 1007
985 1011
985 1012
986 982
986 984
986 985
986 987
986 988
986 1008
986 1012
987 977
987 979
987 985
987 988
987 1011
988 979
988 980
988 981
988 982
988 983
988 984
988 985
988 986
988 987
988 1011
989 949
989 950
989 951
989 959
989 962
989 964
989 990
989 991
989 992
989 994
989 995
989 996
989 997
989 998
990 951
990 959
990 964
990 989
990 991
990 992
990 994
990 995
990 996
990 997
990 998
991 949
991 950
991 951
991 959
991 962
991 964
991 989
991 990
991 992
991 994
991 995
991 996
991 997
991 998
992 949
992 951
992 959
992 964
992 989
992 990
992 991
992 994
992 995
992 998
993 1000
994 949
994 951
994 959
994 962
994 964
994 989
994 990
994 991
994 992
994 995
994 996
994 997
994 998
995 959
995 989
995 990
995 991
995 992
995 994
995 996
995 997
995 998
996 951
996 959
996 964
996 989
996 990
996 991
996 992
996 994
996 995
996 997
996 998
997 951
997 959
997 964
997 989
997 990
997 991
997 994
997 995
997 996
997 998
998 989
998 990
998 991
998 992
998 993
998 994
998 995
998 996
998 997
999 1000
999 1001
999 1015
1000 999
1000 1001
1000 1015
1001 1000
1001 1015
1001 1018
1002 1003
1002 1006
1003 1002
1003 1004
1003 1005
1003 1006
1003 1009
1003 1012
1003 1016
1004 980
1004 984
1004 1003
1004 1005
1004 1006
1004 1009
1004 1012
1005 980
1005 984
1005 985
1005 1003
1005 1004
1005 1006
1005 1009
1005 1012
1006 1003
1006 1005
1006 1009
1006 1012
1006 1016
1006 1019
1007 985
1007 986
1007 1008
1007 1011
1007 1012
1007 1013
1008 986
1008 1007
1008 1011
1008 1012
1008 1013
1009 1003
1009 1004
1009 1005
1009 1006
1009 1012
1009 1013
1010 1013
1010 1020
1011 984
1011 985
1011 986
1011 987
1011 988
1011 1005
1011 1007
1011 1008
1011 1009
1011 1012
1011 1013
1012 980
1012 984
1012 985
1012 986
1012 1003
1012 1004
1012 1005
1012 1006
1012 1007
1012 1008
1012 1009
1012 1011
1012 1013
1013 1008
1013 1009
1013 1010
1013 1011
1013 1012
1014 1015
1014 1016
1014 1017
1014 1018
1014 1019
1014 1022
1014 1023
1015 999
1015 1000
1015 1001
1015 1014
1015 1017
1015 1018
1015 1019
1016 1003
1016 1006
1016 1014
1016 1015
1016 1017
1016 1018
1016 1019
1017 1014
1017 1015
1017 1016
1017 1018
1017 1019
1017 1022
1017 1023
1018 999
1018 1001
1018 1014
1018 1015
1018 1016
1018 1017
1018 1019
1018 1023
1019 1001
1019 1006
1019 1014
1019 1015
1019 1016
1019 1017
1019 1018
1020 1010
1020 1021
1020 1022
1020 1023
1020 1024
1021 1020
1021 1022
1021 1023
1021 1024
1022 1014
1022 1017
1022 1020
1022 1021
1022 1023
1022 1024
1023 1014
1023 1018
1023 1020
1023 1021
1023 1022
1023 1024
1024 1020
1024 1021
1024 1022
1024 1023
