1 2
1 3
1 4
1 5
1 6
1 11
1 12
1 16
1 37
1 38
1 39
1 45
1 958
1 994
1 1006
1 1007
1 1008
1 1009
1 1012
2 1
2 9
3 1
3 10
4 1
5 1
5 6
5 12
6 1
6 5
6 12
9 2
10 3
11 1
12 1
12 5
12 6
13 1
13 2
13 3
13 4
13 7
13 14
13 15
13 16
13 17
13 18
13 20
13 21
13 22
13 25
13 26
13 28
13 30
13 37
13 38
13 39
13 40
13 45
13 56
13 72
13 106
13 123
13 172
13 825
13 850
13 958
13 959
13 994
13 1006
13 1007
14 13
15 13
15 20
16 13
16 17
17 13
17 16
18 13
18 19
19 18
20 13
20 15
21 13
22 13
23 1
23 2
23 3
23 13
23 14
23 15
23 16
23 18
23 20
23 24
23 25
23 26
23 27
23 28
23 29
23 30
23 31
23 32
23 33
23 34
23 35
23 36
23 37
23 38
23 39
23 40
23 41
23 42
23 43
23 44
23 45
23 46
23 56
23 57
23 58
23 60
23 62
23 72
23 82
23 83
23 95
23 104
23 105
23 106
23 123
23 135
23 136
23 172
23 443
23 457
23 494
23 516
23 517
23 548
23 601
23 602
23 676
23 713
23 809
23 825
23 850
23 898
23 958
23 959
23 994
23 1006
23 1007
24 23
25 23
25 28
26 23
27 23
27 32
28 23
28 25
29 23
29 33
30 23
30 36
31 23
32 23
32 27
33 23
33 29
34 23
35 23
36 23
36 30
37 1
37 38
37 39
37 40
37 41
37 42
37 45
37 46
37 58
37 123
37 1006
38 24
38 37
38 39
38 40
38 41
38 43
38 44
39 24
39 37
39 38
39 40
39 41
39 43
39 44
40 37
40 38
40 39
40 41
41 37
41 38
41 39
41 40
42 37
43 38
43 39
44 38
44 39
45 1
45 37
45 38
45 39
45 40
45 46
45 47
45 50
45 51
45 52
45 53
45 54
45 56
45 57
45 58
45 62
45 72
45 123
45 1006
46 45
46 53
47 45
47 54
48 49
49 48
50 45
51 45
52 45
53 45
53 46
54 45
54 47
56 57
56 58
56 59
56 60
56 72
56 76
56 81
57 56
57 58
57 59
57 60
57 61
57 67
57 68
58 56
58 57
58 62
58 63
58 64
59 56
59 57
59 65
59 66
59 67
60 56
60 57
60 61
61 57
61 60
62 58
62 63
63 58
63 62
64 58
65 59
66 59
67 57
67 59
68 57
69 70
70 69
72 56
72 57
72 73
72 74
72 83
73 72
74 72
75 77
77 75
79 80
80 79
82 84
82 85
82 86
82 97
83 73
83 92
83 94
84 82
84 85
84 88
84 89
84 97
85 82
85 84
85 88
85 89
86 82
88 84
88 85
88 89
89 84
89 85
89 88
92 83
94 83
95 1
95 13
95 23
95 37
95 38
95 39
95 45
95 56
95 57
95 58
95 72
95 73
95 74
95 82
95 83
95 84
95 85
95 86
95 87
95 88
95 96
95 97
95 98
95 99
95 100
95 101
95 102
95 103
95 104
95 105
95 106
95 107
95 108
95 109
95 110
95 111
95 112
95 113
95 116
95 117
95 119
95 120
95 121
95 122
95 123
95 124
95 125
95 126
95 127
95 128
95 131
95 135
95 136
95 137
95 140
95 172
95 202
95 203
95 443
95 457
95 494
95 516
95 517
95 548
95 601
95 602
95 676
95 713
95 825
95 850
95 958
95 1006
96 95
97 84
97 95
98 95
99 95
100 95
101 95
102 95
103 95
104 1
104 13
104 23
104 37
104 38
104 39
104 45
104 56
104 57
104 58
104 59
104 60
104 72
104 73
104 74
104 82
104 83
104 84
104 85
104 86
104 87
104 95
104 96
104 97
104 98
104 99
104 100
104 101
104 102
104 103
104 105
104 106
104 107
104 108
104 109
104 110
104 111
104 112
104 113
104 114
104 115
104 116
104 117
104 118
104 119
104 120
104 121
104 122
104 123
104 124
104 125
104 126
104 127
104 128
104 129
104 130
104 131
104 132
104 133
104 134
104 135
104 136
104 137
104 138
104 139
104 140
104 144
104 163
104 172
104 173
104 202
104 203
104 204
104 205
104 214
104 258
104 327
104 386
104 443
104 457
104 494
104 516
104 517
104 548
104 601
104 602
104 676
104 677
104 713
104 809
104 825
104 850
104 958
104 1006
105 104
105 106
105 107
105 108
105 110
105 115
105 116
105 127
105 131
105 135
105 136
106 96
106 99
106 100
106 104
106 105
106 107
106 111
106 112
106 113
106 117
106 120
106 121
106 122
106 135
106 136
107 104
107 105
107 106
107 111
107 112
107 117
107 118
107 119
108 104
108 105
109 104
109 114
110 104
110 105
111 104
111 106
111 107
111 117
111 118
112 104
112 106
112 107
112 119
113 104
113 106
114 104
114 109
115 104
115 105
116 104
116 105
117 104
117 106
117 107
117 111
117 118
118 104
118 107
118 111
118 117
119 104
119 107
119 112
120 104
120 106
121 104
121 106
122 104
122 106
123 37
123 45
123 72
123 83
123 105
123 106
123 107
123 108
123 109
123 110
123 111
123 114
123 115
123 124
123 125
123 126
123 127
123 128
123 129
123 130
123 131
123 132
123 133
123 134
123 135
123 136
123 137
123 140
123 172
124 123
125 123
126 123
126 130
126 132
127 123
127 131
127 133
127 134
128 123
128 129
129 123
129 128
130 123
130 126
131 123
131 127
131 133
131 134
132 123
132 126
133 123
133 127
133 131
134 123
134 127
134 131
135 105
135 106
135 124
135 125
135 126
135 136
135 137
135 140
135 144
135 145
135 146
135 157
135 158
135 159
135 160
135 161
136 105
136 106
136 124
136 125
136 135
136 137
136 140
136 158
136 159
136 160
136 161
137 124
137 135
137 136
137 140
137 144
137 145
137 146
137 157
137 158
137 159
138 139
138 141
138 142
138 143
138 148
139 138
139 143
139 149
139 150
140 135
140 136
140 137
140 157
140 158
141 138
141 142
142 138
142 141
142 148
143 138
143 139
143 149
143 150
144 135
144 137
145 135
145 137
145 146
146 135
146 137
146 145
148 138
148 142
149 139
149 143
150 139
150 143
157 135
157 137
157 140
158 135
158 136
158 137
158 140
159 135
159 136
159 137
159 160
160 135
160 136
160 159
161 135
161 136
162 164
163 170
164 162
170 163
172 106
172 123
172 135
172 136
172 137
172 162
172 163
172 164
172 173
172 174
172 178
172 179
172 180
172 181
172 182
172 183
172 184
172 185
172 186
172 187
172 188
172 192
172 202
172 203
172 204
172 205
173 172
173 174
174 172
174 173
174 184
174 185
175 192
175 201
178 172
179 172
180 172
180 181
181 172
181 180
182 172
182 183
183 172
183 182
184 172
184 174
185 172
185 174
186 172
186 187
187 172
187 186
188 172
190 196
192 175
192 201
196 190
201 192
202 203
202 204
202 205
202 206
202 207
202 208
202 211
202 212
202 213
202 214
203 202
203 204
203 205
203 206
203 207
203 208
203 209
203 210
203 214
204 202
204 203
204 205
204 208
204 209
204 210
204 214
205 189
205 202
205 203
205 204
206 202
206 203
206 207
206 211
206 212
207 202
207 203
207 206
208 202
208 203
208 204
208 209
209 203
209 204
209 208
210 203
210 204
211 202
211 206
212 202
212 206
213 202
214 204
214 206
214 207
214 226
214 227
215 221
217 219
218 222
219 217
221 215
222 218
226 214
227 214
228 229
228 230
228 233
228 234
228 238
228 239
229 228
229 233
229 234
229 238
229 257
230 228
231 232
231 235
232 231
233 228
233 229
233 234
234 228
234 229
234 233
235 231
236 241
238 228
238 229
239 228
241 236
243 245
245 243
249 250
250 249
253 254
254 253
258 259
258 260
258 261
258 262
258 267
258 274
258 275
259 258
259 263
259 264
259 269
259 270
259 271
259 286
260 258
260 261
260 262
260 274
260 275
261 258
261 260
261 262
261 276
262 258
262 260
262 261
262 276
263 259
263 264
263 265
263 272
264 259
264 263
264 272
265 263
265 273
266 273
267 258
268 278
269 259
270 259
270 271
271 259
271 270
272 263
272 264
273 265
273 266
274 258
274 260
275 258
275 260
276 261
276 262
278 268
280 281
280 289
281 280
281 282
281 283
282 281
283 281
284 293
284 294
286 295
287 288
288 287
289 280
293 284
294 284
295 286
296 1
296 13
296 23
296 37
296 38
296 45
296 72
296 95
296 104
296 105
296 106
296 123
296 135
296 136
296 172
296 202
296 203
296 204
296 205
296 214
296 228
296 230
296 231
296 243
296 258
296 259
296 260
296 261
296 262
296 263
296 280
296 281
296 282
296 283
296 284
296 285
296 286
296 287
296 289
296 291
296 297
296 298
296 299
296 300
296 301
296 302
296 303
296 304
296 305
296 306
296 307
296 308
296 309
296 310
296 311
296 312
296 313
296 314
296 315
296 316
296 317
296 318
296 319
296 320
296 321
296 322
296 323
296 324
296 325
296 326
296 327
296 328
296 329
296 330
296 331
296 332
296 334
296 337
296 338
296 340
296 353
296 364
296 365
296 367
296 386
296 387
296 391
296 414
296 430
296 432
296 443
296 444
296 457
296 481
296 494
296 516
296 517
296 531
296 548
296 580
296 601
296 602
296 643
296 676
296 677
296 713
296 808
296 809
296 825
296 850
296 958
296 1006
297 296
297 298
297 301
297 310
298 296
298 297
298 302
299 296
299 300
299 306
300 296
300 299
301 296
301 297
302 296
302 298
303 296
304 296
305 296
306 296
306 299
307 309
307 321
307 322
309 307
309 323
310 311
310 325
311 310
311 326
312 313
313 312
316 317
317 316
321 307
322 307
323 309
323 324
324 323
325 310
326 311
327 307
327 328
327 330
327 336
327 337
328 327
328 330
328 337
329 333
330 327
330 328
330 337
333 329
336 327
337 327
337 328
337 330
338 341
338 342
338 351
340 348
341 338
341 342
341 350
342 338
342 341
342 351
344 345
344 346
345 344
345 346
346 344
346 345
348 340
350 341
351 338
351 342
353 355
353 360
353 365
354 359
355 353
355 356
356 355
356 361
359 354
360 353
361 356
364 366
364 374
364 375
364 391
365 353
365 367
365 368
365 372
365 383
365 384
365 385
366 364
366 374
367 365
367 368
367 371
367 378
367 379
367 380
368 365
368 367
368 381
368 382
369 370
369 373
370 369
371 367
371 378
371 379
372 365
372 385
373 369
374 364
374 366
375 364
378 367
378 371
379 367
379 371
380 367
381 368
381 382
382 368
382 381
383 365
384 365
385 365
385 372
386 364
386 387
386 388
386 389
386 390
386 391
386 392
386 393
386 399
386 404
386 405
386 413
386 414
387 386
387 390
387 393
388 386
388 392
389 386
390 386
390 387
390 396
391 386
391 394
391 398
392 386
392 388
393 386
393 387
394 391
396 390
398 391
399 400
399 401
399 410
400 399
400 401
400 411
401 399
401 400
401 411
402 403
403 402
407 408
408 407
410 399
411 400
411 401
414 399
414 415
414 419
414 429
414 430
414 432
415 414
415 416
415 417
415 420
415 421
415 430
415 432
416 415
416 422
416 423
417 415
417 442
418 426
419 414
420 415
420 421
421 415
421 420
422 416
422 423
423 416
423 422
426 418
429 414
430 415
430 431
430 432
430 433
430 434
430 439
430 440
431 430
431 432
431 433
431 434
431 440
432 415
432 416
432 417
432 430
432 431
432 434
432 436
432 442
433 430
433 431
434 430
434 431
434 432
434 440
434 441
436 432
439 430
440 430
440 431
440 434
441 434
442 432
443 386
443 414
443 430
443 431
443 432
443 433
443 444
443 445
443 446
443 447
443 448
443 449
443 450
443 451
443 452
443 453
443 454
443 457
443 458
443 459
443 460
443 461
443 462
443 468
443 469
443 470
443 471
443 472
443 480
443 481
443 494
443 517
443 548
443 825
444 430
444 443
444 445
444 446
444 447
444 448
444 450
444 454
444 455
444 481
445 443
445 444
445 446
445 447
446 443
446 444
446 445
446 447
447 443
447 444
447 445
447 446
448 443
448 444
448 450
449 443
449 451
450 443
450 444
450 448
451 443
451 449
452 443
453 443
454 443
454 444
455 444
457 386
457 414
457 430
457 432
457 443
457 444
457 445
457 446
457 458
457 459
457 460
457 461
457 462
457 463
457 464
457 465
457 466
457 467
457 468
457 469
457 470
457 471
457 472
457 473
457 474
457 475
457 476
457 477
457 478
457 481
457 487
457 492
457 493
457 494
457 495
457 517
457 519
457 548
457 825
458 457
458 459
458 460
458 461
458 467
458 468
458 479
459 457
459 458
459 460
459 466
459 467
459 474
459 475
460 457
460 458
460 459
460 468
461 457
461 458
461 469
462 457
462 470
462 471
462 480
463 457
463 464
464 457
464 463
465 457
466 457
466 459
467 457
467 458
467 459
467 475
468 457
468 458
468 460
469 457
469 461
470 457
470 462
470 480
471 457
471 462
472 457
473 457
474 457
474 459
475 457
475 459
475 467
476 457
477 457
477 478
478 457
478 477
479 458
480 462
480 470
481 444
481 458
481 459
481 460
481 463
481 464
481 465
481 487
481 492
481 493
482 483
483 482
484 488
487 481
488 484
492 481
493 481
494 443
494 444
494 457
494 481
494 495
494 496
494 497
494 498
494 499
494 500
494 501
494 502
494 503
494 517
494 518
494 519
494 520
494 521
494 522
494 524
494 529
494 530
494 532
494 548
494 580
494 825
495 494
495 496
495 498
495 506
495 507
496 494
496 495
496 503
497 494
498 494
498 495
498 506
499 494
500 494
501 494
502 494
503 494
503 496
503 504
503 505
504 503
504 505
505 503
505 504
506 495
506 498
507 495
509 510
509 511
510 509
510 511
510 512
511 509
511 510
511 512
512 510
512 511
512 513
512 514
513 512
513 514
514 512
514 513
516 1
516 13
516 23
516 45
516 95
516 104
516 123
516 172
516 327
516 386
516 414
516 415
516 430
516 431
516 432
516 443
516 444
516 445
516 446
516 448
516 457
516 458
516 459
516 460
516 461
516 462
516 481
516 482
516 483
516 484
516 485
516 486
516 487
516 494
516 495
516 496
516 497
516 498
516 499
516 500
516 501
516 502
516 503
516 504
516 505
516 506
516 507
516 508
516 509
516 515
516 517
516 518
516 519
516 520
516 521
516 522
516 523
516 524
516 525
516 526
516 527
516 528
516 529
516 530
516 532
516 533
516 534
516 537
516 542
516 543
516 545
516 547
516 548
516 549
516 550
516 551
516 552
516 553
516 560
516 563
516 564
516 580
516 581
516 583
516 601
516 602
516 603
516 604
516 605
516 607
516 625
516 626
516 643
516 644
516 659
516 676
516 677
516 678
516 713
516 714
516 715
516 726
516 777
516 809
516 825
516 850
516 1006
517 444
517 481
517 495
517 496
517 497
517 498
517 499
517 500
517 501
517 502
517 503
517 516
517 518
517 519
517 520
517 521
517 522
517 524
517 529
517 530
517 532
517 548
517 580
518 516
518 517
518 520
518 523
518 532
519 516
519 517
519 521
519 522
519 524
519 529
519 530
520 516
520 517
520 518
521 516
521 517
521 519
521 522
521 530
522 516
522 517
522 519
522 521
522 530
523 516
523 518
524 516
524 517
524 519
525 516
526 516
527 516
528 516
529 516
529 517
529 519
530 516
530 517
530 519
530 521
530 522
531 1
531 13
531 23
531 37
531 38
531 45
531 95
531 104
531 106
531 123
531 135
531 172
531 203
531 258
531 296
531 327
531 328
531 364
531 365
531 386
531 387
531 414
531 415
531 430
531 431
531 432
531 433
531 443
531 444
531 445
531 446
531 448
531 457
531 458
531 459
531 460
531 461
531 462
531 481
531 482
531 483
531 484
531 485
531 494
531 495
531 496
531 497
531 498
531 499
531 500
531 502
531 503
531 506
531 508
531 516
531 517
531 518
531 519
531 520
531 521
531 522
531 523
531 524
531 525
531 526
531 527
531 528
531 529
531 530
531 532
531 533
531 534
531 535
531 536
531 537
531 538
531 539
531 540
531 541
531 542
531 543
531 544
531 545
531 546
531 547
531 548
531 549
531 550
531 551
531 552
531 553
531 554
531 555
531 556
531 557
531 558
531 559
531 560
531 561
531 562
531 563
531 564
531 565
531 569
531 571
531 572
531 573
531 574
531 575
531 576
531 577
531 578
531 579
531 580
531 581
531 582
531 583
531 584
531 585
531 586
531 587
531 588
531 589
531 590
531 597
531 599
531 600
531 601
531 602
531 603
531 604
531 605
531 606
531 607
531 612
531 613
531 625
531 626
531 627
531 628
531 630
531 643
531 644
531 645
531 646
531 647
531 659
531 676
531 677
531 678
531 679
531 680
531 681
531 682
531 686
531 697
531 698
531 713
531 714
531 715
531 716
531 717
531 726
531 777
531 786
531 808
531 809
531 825
531 850
531 884
531 898
531 958
531 1006
532 518
532 531
532 543
532 544
532 545
532 546
533 531
533 539
533 540
534 531
534 535
534 536
534 538
535 531
535 534
535 536
535 538
536 531
536 534
536 535
536 538
537 531
538 531
538 534
538 535
538 536
539 531
539 533
540 531
540 533
541 531
542 531
543 531
543 532
543 544
544 531
544 532
544 543
545 531
545 532
546 531
546 532
547 531
548 481
548 517
548 518
548 519
548 532
548 533
548 534
548 535
548 536
548 537
548 538
548 539
548 549
548 550
548 551
548 552
548 553
548 556
548 557
548 558
548 559
548 560
548 561
548 562
548 563
548 564
548 571
548 574
548 575
548 576
548 577
548 578
548 579
548 580
548 583
548 603
548 604
548 625
548 643
548 677
549 548
549 550
549 554
549 555
549 565
549 566
549 567
549 568
549 569
549 570
550 548
550 549
550 551
550 556
551 548
551 550
551 556
551 557
552 548
552 553
552 558
552 559
552 572
553 548
553 552
553 560
554 549
555 549
555 569
555 570
556 548
556 550
556 551
557 548
557 551
558 548
558 552
558 559
558 571
559 548
559 552
559 558
559 571
560 548
560 553
560 561
561 548
561 560
561 562
562 548
562 561
563 548
564 548
564 577
564 578
565 549
566 549
567 549
568 549
569 549
569 555
570 549
570 555
571 548
571 558
571 559
572 552
574 548
575 548
575 576
576 548
576 575
577 548
577 564
577 578
578 548
578 564
578 577
579 548
580 581
580 582
580 583
580 585
580 586
580 587
580 588
580 589
580 590
580 595
580 596
580 597
580 598
580 603
580 604
581 580
581 582
581 585
581 586
581 593
581 594
582 580
582 581
582 586
582 595
583 580
583 599
584 591
585 580
585 581
585 594
586 580
586 581
586 582
586 595
587 580
588 580
588 589
588 590
589 580
589 588
589 590
590 580
590 588
590 589
591 584
593 581
594 581
594 585
595 580
595 582
595 586
596 580
597 580
598 580
599 583
601 1
601 13
601 23
601 37
601 45
601 95
601 104
601 123
601 135
601 172
601 327
601 386
601 414
601 430
601 432
601 443
601 444
601 445
601 457
601 458
601 481
601 494
601 495
601 516
601 517
601 518
601 519
601 520
601 521
601 532
601 533
601 534
601 548
601 549
601 550
601 551
601 552
601 553
601 554
601 555
601 556
601 557
601 558
601 559
601 560
601 561
601 562
601 563
601 564
601 565
601 571
601 580
601 581
601 582
601 583
601 584
601 585
601 586
601 587
601 588
601 589
601 590
601 591
601 592
601 593
601 594
601 595
601 596
601 597
601 598
601 599
601 600
601 602
601 603
601 604
601 605
601 606
601 607
601 608
601 609
601 610
601 611
601 612
601 613
601 614
601 615
601 616
601 617
601 618
601 619
601 620
601 621
601 622
601 623
601 624
601 625
601 626
601 627
601 628
601 629
601 630
601 637
601 639
601 641
601 642
601 643
601 644
601 645
601 646
601 647
601 648
601 650
601 651
601 659
601 676
601 677
601 678
601 679
601 680
601 681
601 682
601 683
601 686
601 697
601 698
601 713
601 714
601 715
601 716
601 717
601 726
601 777
601 786
601 809
601 825
601 850
601 898
601 958
601 1006
602 1
602 13
602 23
602 45
602 95
602 104
602 123
602 172
602 386
602 414
602 430
602 443
602 444
602 457
602 481
602 494
602 495
602 516
602 517
602 518
602 519
602 520
602 521
602 532
602 533
602 548
602 549
602 550
602 551
602 552
602 553
602 554
602 555
602 556
602 557
602 558
602 559
602 560
602 561
602 563
602 565
602 580
602 581
602 582
602 583
602 584
602 585
602 586
602 587
602 588
602 589
602 590
602 591
602 592
602 593
602 594
602 595
602 596
602 597
602 598
602 599
602 600
602 601
602 603
602 604
602 605
602 606
602 607
602 608
602 609
602 610
602 611
602 612
602 613
602 614
602 616
602 617
602 618
602 619
602 620
602 621
602 622
602 623
602 624
602 625
602 626
602 627
602 628
602 629
602 630
602 637
602 641
602 642
602 643
602 644
602 645
602 646
602 647
602 648
602 650
602 651
602 659
602 676
602 677
602 678
602 679
602 680
602 681
602 682
602 713
602 714
602 715
602 716
602 717
602 726
602 777
602 786
602 809
602 825
602 850
602 958
602 1006
603 580
603 601
603 602
603 604
603 605
603 606
603 610
603 611
603 616
603 617
603 618
603 625
604 601
604 602
604 603
604 606
604 607
604 612
604 613
604 614
604 624
605 601
605 602
605 603
606 601
606 602
606 603
606 604
606 612
606 622
606 623
607 601
607 602
607 604
607 624
608 601
608 602
608 609
609 601
609 602
609 608
609 615
610 601
610 602
610 603
611 601
611 602
611 603
612 601
612 602
612 604
612 606
612 613
613 601
613 602
613 604
613 612
613 614
614 601
614 602
614 604
614 613
615 601
615 609
616 601
616 602
616 603
617 601
617 602
617 603
618 601
618 602
618 603
619 601
619 602
620 601
620 602
621 601
621 602
622 601
622 602
622 606
623 601
623 602
623 606
624 601
624 602
624 604
624 607
625 603
625 626
625 627
625 628
625 629
625 636
625 637
626 625
626 627
626 635
627 625
627 626
627 634
627 635
628 625
628 637
628 638
629 625
634 627
635 626
635 627
636 625
637 625
637 628
638 628
639 640
640 639
643 548
643 625
643 644
643 645
643 646
643 647
643 648
643 649
643 652
643 659
643 661
643 673
643 674
643 675
643 677
643 678
644 643
644 645
644 649
644 652
644 659
644 661
644 673
644 674
644 675
645 643
645 644
645 646
646 643
646 645
646 653
647 643
647 648
647 656
648 643
648 647
648 650
648 657
649 643
649 644
650 648
652 643
652 644
653 646
655 656
656 647
656 655
657 648
659 668
659 669
659 670
659 671
663 664
664 663
666 667
667 666
668 659
669 659
669 670
670 659
670 669
671 659
673 674
674 673
674 675
675 674
676 1
676 13
676 23
676 95
676 104
676 123
676 443
676 457
676 481
676 494
676 516
676 517
676 548
676 580
676 601
676 602
676 603
676 604
676 625
676 626
676 643
676 644
676 645
676 646
676 647
676 648
676 659
676 660
676 661
676 662
676 663
676 665
676 677
676 678
676 679
676 680
676 681
676 682
676 683
676 684
676 685
676 686
676 687
676 688
676 689
676 690
676 691
676 692
676 693
676 694
676 695
676 696
676 697
676 698
676 699
676 700
676 701
676 702
676 704
676 705
676 706
676 707
676 708
676 709
676 711
676 712
676 713
676 714
676 715
676 716
676 717
676 718
676 726
676 727
676 730
676 731
676 744
676 777
676 786
676 809
676 825
676 850
676 1006
677 548
677 643
677 644
677 659
677 660
677 676
677 678
677 679
677 680
677 681
677 682
677 683
677 684
677 685
677 686
677 687
677 688
677 689
677 691
677 697
677 698
677 700
677 714
677 715
677 716
677 717
677 726
678 676
678 677
678 679
678 680
678 681
678 682
678 683
678 684
678 685
678 692
679 676
679 677
679 678
679 680
679 681
679 683
679 692
680 676
680 677
680 678
680 679
680 681
680 683
680 692
681 676
681 677
681 678
681 679
681 680
681 683
681 684
682 676
682 677
682 678
682 685
682 686
682 687
682 688
682 689
683 676
683 677
683 678
683 679
683 680
683 681
683 684
684 676
684 677
684 678
684 681
684 683
685 676
685 677
685 678
685 682
686 676
686 677
686 682
686 687
686 688
686 689
686 690
686 693
687 676
687 677
687 682
687 686
687 689
687 690
687 693
687 694
687 695
688 676
688 677
688 682
688 686
689 676
689 677
689 682
689 686
689 687
689 690
689 693
690 676
690 686
690 687
690 689
690 693
691 676
691 677
692 676
692 678
692 679
692 680
693 676
693 686
693 687
693 689
693 690
694 676
694 687
695 676
695 687
696 676
697 698
697 699
697 703
697 704
697 716
697 717
698 697
698 699
698 700
698 704
698 716
698 717
699 697
699 698
699 704
700 698
700 701
700 702
700 707
701 700
701 702
701 708
702 700
702 701
702 705
703 697
704 697
704 698
704 699
705 702
707 700
708 701
709 710
710 709
711 712
712 711
713 1
713 13
713 23
713 95
713 104
713 123
713 443
713 457
713 481
713 494
713 516
713 517
713 548
713 580
713 601
713 602
713 603
713 604
713 625
713 643
713 644
713 659
713 676
713 677
713 678
713 679
713 680
713 681
713 682
713 683
713 684
713 685
713 686
713 687
713 697
713 698
713 699
713 700
713 701
713 702
713 703
713 704
713 705
713 706
713 714
713 715
713 716
713 717
713 718
713 719
713 720
713 721
713 722
713 723
713 724
713 725
713 726
713 727
713 728
713 729
713 730
713 731
713 732
713 740
713 742
713 744
713 747
713 757
713 777
713 786
713 809
713 825
713 850
713 898
713 958
713 1006
714 697
714 713
714 715
714 716
714 717
714 718
714 719
714 720
714 721
714 722
714 726
714 730
714 731
715 697
715 698
715 699
715 713
715 714
715 716
715 717
715 718
715 723
715 724
715 726
716 697
716 698
716 713
716 714
716 715
716 717
716 718
716 724
717 697
717 698
717 713
717 714
717 715
717 716
717 718
717 724
717 725
718 713
718 714
718 715
718 716
718 717
718 724
719 713
719 714
719 720
720 713
720 714
720 719
721 713
721 714
722 713
722 714
723 713
723 715
724 713
724 715
724 716
724 717
724 718
725 713
725 717
726 714
726 715
726 716
726 717
726 727
726 728
726 729
726 730
726 731
726 742
726 743
727 726
727 728
727 729
727 737
727 738
727 739
728 726
728 727
728 729
728 739
729 726
729 727
729 728
729 739
730 726
730 731
731 726
731 730
737 727
738 727
739 727
739 728
739 729
742 726
743 726
744 747
744 753
746 750
747 744
750 746
753 744
753 754
754 753
756 769
757 761
757 762
757 771
758 763
758 776
759 760
760 759
761 757
762 757
763 758
763 764
764 763
764 765
765 764
769 756
771 757
771 772
772 771
772 773
773 772
776 758
777 756
777 757
777 759
777 760
777 761
777 768
777 781
777 784
777 785
777 786
778 779
778 780
779 778
779 780
780 778
780 779
781 777
781 783
783 781
784 777
785 777
786 777
786 787
786 788
786 796
786 797
786 798
786 803
786 804
786 805
787 786
787 791
787 792
787 793
787 794
788 786
788 797
788 805
790 799
790 800
791 787
791 801
792 787
792 793
793 787
793 792
794 787
795 802
796 786
797 786
797 788
797 804
798 786
798 806
799 790
800 790
801 791
802 795
803 786
804 786
804 797
805 786
805 788
806 798
808 1
808 13
808 23
808 37
808 38
808 39
808 45
808 56
808 72
808 95
808 104
808 105
808 106
808 123
808 135
808 136
808 172
808 203
808 258
808 296
808 327
808 386
808 414
808 443
808 444
808 457
808 481
808 494
808 516
808 517
808 519
808 531
808 532
808 548
808 580
808 601
808 602
808 603
808 604
808 625
808 626
808 643
808 644
808 659
808 676
808 677
808 678
808 679
808 680
808 681
808 682
808 683
808 686
808 697
808 698
808 699
808 700
808 713
808 714
808 715
808 716
808 717
808 718
808 726
808 727
808 728
808 729
808 730
808 731
808 744
808 745
808 746
808 747
808 756
808 757
808 758
808 759
808 760
808 761
808 762
808 763
808 764
808 765
808 766
808 767
808 770
808 777
808 778
808 779
808 780
808 781
808 782
808 783
808 784
808 786
808 787
808 788
808 789
808 790
808 791
808 792
808 793
808 794
808 795
808 796
808 797
808 798
808 799
808 800
808 801
808 802
808 803
808 804
808 805
808 806
808 807
808 809
808 810
808 811
808 812
808 813
808 814
808 815
808 816
808 817
808 818
808 819
808 820
808 821
808 822
808 823
808 824
808 825
808 826
808 827
808 828
808 829
808 830
808 831
808 832
808 833
808 834
808 835
808 836
808 837
808 838
808 839
808 840
808 841
808 842
808 843
808 844
808 845
808 846
808 847
808 848
808 849
808 850
808 851
808 852
808 853
808 854
808 855
808 856
808 857
808 858
808 859
808 861
808 862
808 863
808 864
808 865
808 866
808 867
808 868
808 869
808 870
808 871
808 872
808 873
808 874
808 876
808 884
808 885
808 887
808 888
808 898
808 911
808 912
808 926
808 927
808 942
808 943
808 945
808 948
808 958
808 959
808 994
808 1006
808 1007
809 777
809 786
809 787
809 808
809 810
809 811
809 812
809 814
809 815
809 816
809 817
809 822
809 823
810 808
810 809
810 811
810 815
810 816
810 822
811 808
811 809
811 810
811 823
812 808
812 809
813 808
813 819
814 808
814 809
815 808
815 809
815 810
815 816
816 808
816 809
816 810
816 815
817 808
817 809
818 808
819 808
819 813
820 808
821 808
822 808
822 809
822 810
823 808
823 809
823 811
824 808
825 1
825 13
825 443
825 457
825 494
825 517
825 548
825 677
825 714
825 726
825 777
825 786
825 787
825 788
825 809
825 810
825 811
825 812
825 813
825 814
825 815
825 816
825 817
825 818
825 819
825 820
825 821
825 826
825 827
825 828
825 829
825 830
825 831
825 832
825 833
825 834
825 835
825 836
825 837
825 838
825 841
825 844
825 845
825 846
825 847
825 848
825 849
825 850
825 852
825 853
825 854
825 855
825 856
825 857
825 865
825 866
825 867
825 868
825 871
825 884
825 898
825 958
825 1006
826 825
826 828
826 839
826 840
827 825
827 830
828 825
828 826
828 839
829 825
829 842
829 843
830 825
830 827
831 825
832 825
833 825
833 834
833 846
834 825
834 833
834 835
835 825
835 834
835 836
836 825
836 835
836 847
837 825
838 825
838 849
839 826
839 828
840 826
841 825
842 829
843 829
844 825
844 845
845 825
845 844
846 825
846 833
847 825
847 836
848 825
849 825
849 838
850 1
850 13
850 777
850 786
850 809
850 825
850 826
850 827
850 829
850 851
850 852
850 853
850 854
850 855
850 856
850 857
850 858
850 859
850 860
850 861
850 862
850 866
850 867
850 868
850 869
850 870
850 871
850 874
850 875
850 876
850 877
850 882
850 883
850 884
850 885
850 898
850 958
850 1006
851 850
851 871
852 850
852 859
853 850
853 855
854 850
854 856
854 862
855 850
855 853
855 860
856 850
856 854
856 862
857 850
857 858
857 863
858 850
858 857
859 850
859 852
860 850
860 855
861 850
862 850
862 854
862 856
863 857
866 867
866 868
866 869
866 872
866 878
866 884
866 885
866 888
866 889
866 898
867 866
867 868
867 885
868 866
868 867
868 869
868 872
868 873
869 866
869 868
869 872
869 873
870 879
870 880
871 851
871 883
872 866
872 868
872 869
873 868
873 869
874 875
874 876
874 877
874 881
875 874
875 876
875 881
876 874
876 875
876 877
877 874
877 876
878 866
879 870
880 870
881 874
881 875
883 871
884 866
884 867
884 885
884 887
884 892
884 893
884 898
885 884
885 888
885 889
885 896
885 897
886 890
887 884
887 893
887 894
888 885
888 896
888 897
889 885
890 886
892 884
893 884
893 887
894 887
896 885
896 888
897 885
897 888
898 866
898 884
898 905
898 908
898 909
898 910
901 902
902 901
905 898
908 898
909 898
910 898
911 912
911 913
911 914
911 915
912 911
912 915
913 911
914 911
915 911
915 912
916 921
917 923
917 924
921 916
923 917
923 924
924 917
924 923
926 928
926 929
926 934
927 931
927 938
927 939
927 940
927 941
928 926
928 929
928 934
929 926
929 928
931 927
934 926
934 928
935 936
936 935
938 927
939 927
939 940
940 927
940 939
941 927
942 943
942 945
942 946
942 949
942 950
943 942
943 945
943 946
943 947
945 942
945 943
945 946
945 947
946 942
946 943
946 945
946 947
947 943
947 945
947 946
947 956
949 942
950 942
952 953
953 952
956 947
958 1
958 942
958 959
958 960
958 961
958 962
958 963
958 965
958 966
958 967
958 968
958 969
958 970
958 971
958 972
958 981
958 982
958 994
958 1006
959 958
959 960
959 961
959 968
959 969
959 970
959 971
959 981
960 958
960 959
960 971
961 958
961 959
961 963
962 958
962 965
962 966
963 958
963 961
964 975
965 958
965 962
965 966
966 958
966 962
966 965
967 958
968 958
968 959
969 958
969 959
970 958
970 959
971 958
971 959
971 960
972 958
975 964
976 977
977 976
981 982
981 993
982 981
993 981
994 976
994 977
994 983
995 999
996 1001
998 1002
998 1003
999 995
1001 996
1002 998
1002 1003
1003 998
1003 1002
1006 1
1006 37
1006 38
1006 45
1006 958
1006 959
1006 994
1006 995
1006 996
1006 1007
1006 1009
1006 1010
1006 1011
1006 1019
1006 1020
1006 1021
1006 1022
1006 1023
1006 1024
1007 1006
1007 1011
1007 1023
1008 1012
1009 1006
1009 1013
1009 1014
1009 1015
1010 1006
1010 1017
1011 1006
1011 1007
1011 1021
1012 1008
1013 1009
1014 1009
1015 1009
1017 1010
1019 1006
1020 1006
1021 1006
1021 1011
1022 1006
1023 1006
1023 1007
1024 1006
