1 2
1 7
1 8
1 15
2 1
2 8
3 9
6 11
7 1
7 15
8 1
8 2
8 16
9 3
11 6
15 1
15 7
16 8
17 1
17 3
17 18
17 20
17 22
17 23
17 25
17 27
17 75
18 17
18 22
20 17
22 17
22 18
23 17
24 28
24 34
24 41
25 26
25 27
25 30
25 38
26 25
26 30
27 25
28 24
28 34
30 25
30 26
34 24
34 28
38 25
39 1
39 2
39 3
39 4
39 17
39 18
39 19
39 20
39 24
39 25
39 26
39 27
39 28
39 29
39 30
39 31
39 32
39 33
39 34
39 35
39 36
39 37
39 38
39 40
39 41
39 42
39 43
39 44
39 45
39 46
39 47
39 48
39 49
39 50
39 51
39 52
39 53
39 54
39 55
39 56
39 57
39 58
39 59
39 60
39 61
39 73
39 74
39 75
39 76
39 77
39 78
39 79
39 80
39 89
39 90
39 91
39 98
39 99
39 100
39 111
39 113
39 114
39 125
39 128
39 154
39 155
39 212
39 213
39 244
39 307
39 367
39 368
39 428
39 442
39 492
39 547
39 548
39 572
39 613
39 614
39 685
39 699
39 764
39 765
39 803
39 820
39 847
39 876
39 891
39 892
39 937
39 972
39 973
39 993
39 994
39 995
39 1009
39 1010
39 1011
40 39
40 54
41 24
41 31
41 39
41 42
41 51
42 39
42 41
43 39
44 39
45 39
46 39
47 39
48 39
49 39
50 39
51 39
51 41
52 17
52 24
52 40
52 41
52 53
52 54
52 55
52 56
52 57
52 58
52 59
52 60
52 61
52 66
52 67
52 68
52 69
52 70
52 71
52 72
52 73
52 75
52 76
52 77
52 79
52 98
52 155
53 52
53 77
54 40
54 52
54 56
54 57
54 60
55 52
56 52
56 54
56 71
57 52
57 54
58 52
58 65
59 52
59 68
60 52
60 54
61 52
62 63
63 62
65 58
66 52
67 52
68 52
68 59
69 52
70 52
71 52
71 56
72 52
73 52
73 74
74 73
75 17
75 53
75 54
75 55
75 58
75 76
75 77
75 79
75 80
75 83
75 88
76 75
76 78
76 90
77 53
77 75
77 79
77 88
78 76
79 75
79 77
79 80
80 75
80 79
83 75
88 75
88 77
89 17
89 40
89 41
89 52
89 53
89 54
89 55
89 75
89 76
89 77
89 78
89 79
89 80
89 81
89 82
89 84
89 90
89 91
89 92
89 93
89 94
89 95
89 96
89 97
89 98
89 99
89 100
89 110
89 112
89 113
89 114
89 116
89 125
89 128
89 154
89 155
89 307
89 367
89 442
89 547
89 572
89 613
89 685
90 89
90 91
91 89
91 90
91 97
92 89
92 93
92 95
93 89
93 92
93 95
94 89
95 89
95 92
95 93
96 89
97 89
97 91
98 99
98 101
98 102
98 103
98 107
99 98
99 100
100 99
101 98
102 98
103 98
103 107
107 98
107 103
111 17
111 25
111 39
111 40
111 41
111 52
111 53
111 54
111 75
111 76
111 77
111 78
111 79
111 89
111 90
111 91
111 92
111 98
111 99
111 100
111 101
111 102
111 103
111 104
111 105
111 106
111 107
111 112
111 113
111 114
111 115
111 116
111 117
111 118
111 119
111 120
111 121
111 122
111 123
111 124
111 125
111 126
111 127
111 128
111 129
111 130
111 131
111 132
111 133
111 134
111 137
111 142
111 143
111 144
111 154
111 155
111 212
111 213
111 214
111 225
111 244
111 307
111 367
111 368
111 428
111 442
111 492
111 547
111 548
111 572
111 613
111 685
111 764
111 765
111 820
111 876
111 891
111 892
111 972
112 111
112 113
112 120
112 132
113 111
113 112
113 115
113 117
114 111
114 118
115 111
115 113
116 111
116 124
117 111
117 113
118 111
118 114
119 111
120 111
120 112
121 111
122 111
123 111
124 111
124 116
125 126
125 127
125 128
125 131
125 133
125 134
125 137
125 138
125 139
126 125
126 127
126 129
126 135
127 125
127 126
127 129
127 130
128 125
128 131
128 141
129 126
129 127
130 127
131 125
131 128
131 134
131 137
133 125
134 125
134 131
135 126
137 125
137 131
138 125
139 125
141 128
152 153
153 152
154 155
154 156
154 157
154 162
154 163
154 164
154 165
154 174
155 125
155 144
155 145
155 146
155 154
155 158
155 169
155 170
155 171
155 172
155 173
156 154
157 154
158 155
162 154
163 154
164 154
165 154
166 167
167 166
169 155
170 155
170 171
171 155
171 170
172 155
173 155
178 180
178 184
180 178
181 187
184 178
187 181
195 196
195 197
195 198
196 195
196 197
197 195
197 196
198 195
201 202
202 201
203 204
204 203
209 210
210 209
212 17
212 39
212 52
212 75
212 89
212 98
212 111
212 125
212 128
212 154
212 155
212 178
212 179
212 180
212 181
212 194
212 195
212 196
212 197
212 198
212 199
212 200
212 201
212 202
212 203
212 204
212 205
212 206
212 207
212 208
212 213
212 214
212 215
212 216
212 217
212 218
212 219
212 220
212 221
212 222
212 223
212 224
212 225
212 226
212 227
212 228
212 229
212 230
212 236
212 239
212 242
212 243
212 244
212 245
212 246
212 263
212 285
212 286
212 287
212 288
212 307
212 321
212 367
212 368
212 428
212 442
212 443
212 492
212 547
212 548
212 572
212 613
212 685
212 764
212 765
212 820
212 876
213 212
213 214
213 215
213 218
213 224
214 212
214 213
214 215
214 223
215 212
215 213
215 214
215 218
215 224
216 212
217 212
218 212
218 213
218 215
219 212
220 212
221 212
222 212
223 212
223 214
224 212
224 213
224 215
225 226
225 228
225 235
225 244
226 225
226 236
227 229
228 225
229 227
232 233
233 232
235 225
236 226
240 241
241 240
244 225
244 246
244 255
244 256
244 257
246 244
246 255
247 252
249 250
250 249
252 247
255 244
255 246
256 244
257 244
259 260
260 259
261 262
262 261
263 267
263 268
266 275
267 263
268 263
275 266
276 277
277 276
285 286
285 287
285 289
285 290
285 294
285 296
286 285
286 289
286 290
287 285
287 291
287 295
287 299
288 292
288 293
288 302
288 303
289 285
289 286
289 290
290 285
290 286
290 289
291 287
292 288
292 302
293 288
294 285
294 296
295 287
296 285
296 294
299 287
302 288
302 292
303 288
307 285
307 286
307 287
307 288
307 289
307 290
307 291
307 294
307 296
307 308
307 310
307 311
307 320
307 321
307 368
308 307
310 307
311 307
320 307
321 322
321 335
321 336
321 337
322 321
322 336
323 324
324 323
326 327
327 326
333 334
334 333
335 321
336 321
336 322
337 321
341 342
341 347
342 341
344 350
347 341
350 344
367 89
367 307
367 368
367 369
367 370
367 371
367 372
367 373
367 374
367 375
367 376
367 377
367 378
367 379
367 380
367 381
367 382
367 388
367 389
367 390
367 391
367 392
367 394
367 402
367 404
367 405
367 406
367 407
367 409
367 410
367 428
367 442
367 443
367 492
367 547
367 548
367 572
367 613
367 685
368 307
368 367
368 369
368 370
368 371
368 372
368 373
368 374
368 375
368 376
368 377
368 383
368 384
368 385
368 386
368 387
369 367
369 368
369 370
369 371
369 373
369 374
369 383
369 384
370 367
370 368
370 369
370 371
370 373
370 374
370 375
370 386
370 387
371 367
371 368
371 369
371 370
371 373
371 374
371 375
371 386
371 387
372 367
372 368
372 381
373 367
373 368
373 369
373 370
373 371
373 384
373 385
374 367
374 368
374 369
374 370
374 371
374 375
374 386
375 367
375 368
375 370
375 371
375 374
375 386
376 367
376 368
377 367
377 368
378 367
379 367
379 380
380 367
380 379
381 367
381 372
382 367
383 368
383 369
384 368
384 369
384 373
385 368
385 373
386 368
386 370
386 371
386 374
386 375
387 368
387 370
387 371
388 389
388 390
388 393
388 397
389 388
389 393
390 388
391 392
392 391
393 388
393 389
395 396
396 395
397 388
402 403
403 402
407 409
407 421
407 422
409 407
409 423
410 425
411 412
411 413
412 411
412 413
413 411
413 412
413 418
414 420
418 413
418 419
419 418
420 414
421 407
422 407
423 409
425 410
427 1
427 2
427 3
427 4
427 5
427 7
427 8
427 17
427 18
427 20
427 24
427 25
427 26
427 27
427 28
427 29
427 39
427 40
427 41
427 42
427 43
427 52
427 53
427 54
427 55
427 56
427 57
427 58
427 59
427 60
427 75
427 76
427 77
427 78
427 79
427 80
427 81
427 82
427 83
427 89
427 90
427 91
427 92
427 98
427 99
427 100
427 101
427 102
427 111
427 112
427 113
427 114
427 115
427 116
427 117
427 118
427 119
427 125
427 126
427 127
427 128
427 129
427 130
427 131
427 132
427 133
427 134
427 144
427 145
427 146
427 152
427 154
427 155
427 156
427 157
427 158
427 163
427 169
427 174
427 178
427 179
427 180
427 181
427 182
427 184
427 187
427 188
427 192
427 194
427 195
427 196
427 197
427 198
427 199
427 200
427 205
427 207
427 208
427 209
427 212
427 213
427 214
427 215
427 216
427 217
427 218
427 219
427 220
427 224
427 225
427 226
427 227
427 228
427 229
427 230
427 232
427 234
427 235
427 236
427 239
427 242
427 244
427 245
427 246
427 247
427 248
427 249
427 251
427 252
427 255
427 256
427 257
427 258
427 259
427 261
427 263
427 264
427 265
427 266
427 267
427 268
427 269
427 270
427 271
427 272
427 273
427 274
427 275
427 276
427 278
427 279
427 280
427 281
427 282
427 283
427 285
427 286
427 287
427 288
427 289
427 290
427 291
427 292
427 293
427 294
427 295
427 296
427 297
427 298
427 299
427 300
427 301
427 302
427 303
427 304
427 305
427 306
427 307
427 308
427 309
427 310
427 311
427 312
427 313
427 314
427 315
427 316
427 317
427 318
427 319
427 320
427 321
427 322
427 323
427 324
427 325
427 326
427 327
427 328
427 329
427 330
427 331
427 332
427 333
427 334
427 335
427 336
427 337
427 338
427 339
427 340
427 341
427 342
427 343
427 344
427 345
427 346
427 347
427 348
427 349
427 350
427 351
427 352
427 353
427 354
427 355
427 356
427 357
427 358
427 359
427 360
427 361
427 362
427 363
427 364
427 365
427 366
427 367
427 368
427 369
427 370
427 371
427 372
427 373
427 374
427 375
427 376
427 377
427 378
427 379
427 380
427 381
427 382
427 383
427 384
427 385
427 386
427 387
427 388
427 389
427 390
427 391
427 392
427 393
427 394
427 395
427 396
427 397
427 398
427 399
427 400
427 401
427 402
427 403
427 404
427 405
427 406
427 407
427 408
427 409
427 410
427 411
427 412
427 413
427 414
427 415
427 416
427 417
427 418
427 419
427 420
427 421
427 422
427 423
427 424
427 425
427 426
427 428
427 429
427 430
427 431
427 432
427 433
427 434
427 435
427 436
427 437
427 438
427 439
427 440
427 441
427 442
427 443
427 444
427 445
427 446
427 447
427 448
427 449
427 450
427 451
427 452
427 453
427 454
427 455
427 456
427 457
427 458
427 459
427 460
427 461
427 462
427 463
427 464
427 465
427 466
427 467
427 468
427 469
427 470
427 471
427 472
427 473
427 474
427 475
427 476
427 477
427 478
427 479
427 480
427 481
427 482
427 483
427 484
427 485
427 486
427 487
427 488
427 489
427 490
427 491
427 492
427 493
427 494
427 495
427 496
427 497
427 498
427 499
427 500
427 501
427 502
427 503
427 504
427 505
427 506
427 507
427 508
427 509
427 510
427 511
427 512
427 513
427 514
427 515
427 516
427 517
427 518
427 519
427 520
427 521
427 522
427 523
427 524
427 525
427 526
427 527
427 528
427 529
427 530
427 531
427 532
427 533
427 534
427 535
427 536
427 537
427 538
427 539
427 540
427 541
427 542
427 543
427 544
427 545
427 546
427 547
427 548
427 549
427 550
427 551
427 552
427 553
427 554
427 555
427 556
427 557
427 558
427 559
427 560
427 561
427 562
427 563
427 564
427 565
427 566
427 568
427 569
427 570
427 571
427 572
427 573
427 574
427 575
427 576
427 577
427 578
427 579
427 581
427 582
427 583
427 585
427 586
427 587
427 588
427 589
427 590
427 591
427 592
427 593
427 595
427 598
427 601
427 602
427 603
427 604
427 605
427 606
427 609
427 610
427 613
427 614
427 615
427 616
427 617
427 618
427 619
427 620
427 621
427 622
427 623
427 624
427 625
427 631
427 632
427 634
427 636
427 637
427 638
427 639
427 640
427 641
427 642
427 646
427 650
427 651
427 652
427 653
427 654
427 655
427 656
427 657
427 658
427 659
427 660
427 669
427 670
427 671
427 672
427 673
427 674
427 675
427 676
427 677
427 680
427 683
427 685
427 686
427 687
427 688
427 689
427 690
427 691
427 696
427 699
427 700
427 701
427 702
427 703
427 704
427 714
427 715
427 716
427 717
427 718
427 719
427 720
427 721
427 733
427 734
427 735
427 736
427 737
427 738
427 739
427 740
427 741
427 742
427 750
427 751
427 752
427 753
427 755
427 756
427 757
427 758
427 764
427 765
427 766
427 767
427 768
427 769
427 770
427 771
427 773
427 774
427 775
427 777
427 778
427 779
427 787
427 788
427 789
427 790
427 791
427 792
427 802
427 803
427 804
427 805
427 806
427 808
427 809
427 820
427 821
427 822
427 823
427 825
427 826
427 829
427 847
427 848
427 849
427 853
427 856
427 863
427 866
427 876
427 877
427 878
427 879
427 880
427 882
427 883
427 884
427 891
427 892
427 893
427 894
427 910
427 911
427 912
427 914
427 925
427 926
427 927
427 929
427 930
427 932
427 937
427 938
427 939
427 940
427 952
427 953
427 954
427 956
427 957
427 972
427 973
427 974
427 975
427 976
427 993
427 994
427 995
427 996
427 997
427 998
427 999
427 1009
427 1010
427 1011
427 1013
427 1014
428 427
428 429
428 431
428 432
428 436
428 443
428 445
429 427
429 428
430 427
431 427
431 428
431 435
432 427
432 428
433 427
434 427
435 427
435 431
436 427
436 428
437 427
438 427
438 439
439 427
439 438
440 427
441 427
442 52
442 89
442 155
442 307
442 367
442 368
442 369
442 370
442 371
442 388
442 407
442 408
442 409
442 428
442 429
442 430
442 431
442 432
442 433
442 434
442 435
442 436
442 437
442 443
442 444
442 445
442 446
442 447
442 448
442 449
442 450
442 451
442 452
442 453
442 455
442 457
442 459
442 460
442 461
442 475
442 476
442 477
442 492
442 494
442 496
442 497
442 509
442 510
442 547
442 548
442 549
442 572
442 613
442 614
442 685
443 428
443 442
443 444
443 445
443 446
443 447
443 448
443 461
443 492
444 442
444 443
445 442
445 443
445 449
445 452
446 442
446 443
446 447
447 442
447 443
447 446
448 442
448 443
448 450
449 442
449 445
450 442
450 448
451 442
452 442
452 445
453 442
454 17
454 39
454 52
454 75
454 89
454 111
454 125
454 154
454 155
454 212
454 213
454 225
454 244
454 285
454 287
454 288
454 307
454 321
454 367
454 368
454 369
454 370
454 371
454 372
454 373
454 374
454 388
454 389
454 390
454 391
454 392
454 407
454 408
454 409
454 410
454 411
454 428
454 429
454 430
454 431
454 432
454 433
454 442
454 443
454 444
454 445
454 446
454 447
454 448
454 449
454 450
454 451
454 452
454 453
454 455
454 456
454 457
454 458
454 459
454 460
454 461
454 462
454 463
454 464
454 465
454 466
454 467
454 468
454 469
454 470
454 471
454 472
454 473
454 474
454 475
454 476
454 477
454 478
454 479
454 480
454 481
454 482
454 483
454 484
454 485
454 486
454 487
454 488
454 489
454 490
454 491
454 492
454 493
454 494
454 495
454 496
454 497
454 498
454 499
454 500
454 501
454 502
454 507
454 509
454 510
454 511
454 512
454 513
454 514
454 516
454 517
454 528
454 529
454 530
454 531
454 532
454 547
454 548
454 549
454 562
454 572
454 573
454 590
454 602
454 613
454 614
454 651
454 652
454 685
454 699
454 733
454 764
454 765
454 802
454 803
454 820
454 847
454 876
454 891
454 892
455 454
455 456
455 464
455 465
456 454
456 455
456 463
457 454
457 459
457 470
457 471
457 472
458 454
459 454
459 457
459 470
460 454
460 473
461 454
462 454
463 454
463 456
464 454
464 455
465 454
465 455
466 454
467 454
468 454
468 469
469 454
469 468
470 454
470 457
470 459
471 454
471 457
472 454
472 457
473 454
473 460
474 454
475 476
475 484
475 488
476 475
476 489
477 490
479 480
480 479
481 485
483 487
484 475
485 481
487 483
488 475
489 476
490 477
492 443
492 475
492 478
492 479
492 493
492 494
492 495
492 496
492 497
492 507
492 508
492 509
492 510
492 548
493 492
493 498
493 513
494 492
494 495
494 496
494 499
494 500
494 504
495 492
495 494
495 496
495 501
495 504
496 492
496 494
496 495
496 497
497 492
497 496
497 508
498 493
499 494
499 500
500 494
500 499
501 495
501 502
502 501
504 494
504 495
507 492
508 492
508 497
509 493
509 494
509 495
509 496
509 498
509 510
509 512
509 513
509 516
509 517
509 525
509 526
509 527
510 509
510 512
510 516
510 524
512 509
512 510
512 524
513 509
513 517
516 509
516 510
517 509
517 513
517 527
524 510
524 512
525 509
526 509
527 509
527 517
528 529
528 531
528 534
528 535
528 542
529 528
529 531
529 535
531 528
531 529
531 534
531 535
531 542
534 528
534 531
534 541
535 528
535 529
535 531
541 534
542 528
542 531
543 544
544 543
547 492
547 509
547 528
547 529
547 530
547 531
547 548
547 549
547 550
547 551
547 552
547 553
547 554
547 559
547 560
547 561
547 562
547 573
547 614
548 492
548 509
548 528
548 530
548 547
548 549
548 551
548 552
548 553
548 554
548 559
548 560
549 547
549 548
549 551
549 552
549 553
549 559
550 547
550 557
551 547
551 548
551 549
552 547
552 548
552 549
553 547
553 548
553 549
553 559
554 547
554 548
557 550
559 547
559 548
559 549
559 553
560 547
560 548
561 547
564 569
569 564
572 89
572 367
572 442
572 492
572 509
572 547
572 548
572 549
572 562
572 573
572 574
572 575
572 576
572 577
572 578
572 580
572 581
572 582
572 590
572 591
572 595
572 598
572 599
572 600
572 601
572 602
572 613
572 614
572 651
572 685
573 572
573 574
573 585
574 572
574 573
574 577
574 582
575 572
576 572
577 572
577 574
577 582
578 572
579 589
580 572
581 572
582 572
582 574
582 577
583 584
584 583
585 573
589 579
590 591
591 590
595 596
596 595
598 599
599 598
602 604
602 610
602 611
602 612
604 602
610 602
611 602
612 602
613 89
613 367
613 442
613 492
613 547
613 548
613 549
613 572
613 573
613 590
613 602
613 614
613 615
613 616
613 617
613 618
613 619
613 620
613 621
613 622
613 623
613 624
613 625
613 626
613 627
613 628
613 629
613 630
613 631
613 632
613 633
613 634
613 636
613 641
613 642
613 650
613 651
613 652
613 657
613 670
613 685
613 699
613 764
613 765
613 820
614 602
614 613
614 615
614 616
614 617
614 618
614 619
614 621
614 622
614 623
614 624
614 631
614 651
615 613
615 614
615 617
615 621
615 622
615 623
616 613
616 614
616 618
617 613
617 614
617 615
617 619
617 620
617 621
617 622
617 630
618 613
618 614
618 616
619 613
619 614
619 617
619 628
619 629
620 613
620 617
620 630
621 613
621 614
621 615
621 617
622 613
622 614
622 615
622 617
623 613
623 614
623 615
624 613
624 614
625 613
626 613
627 613
628 613
628 619
628 629
629 613
629 619
629 628
630 613
630 617
630 620
631 613
631 614
632 613
633 613
634 613
637 644
637 645
639 646
644 637
644 645
645 637
645 644
646 639
651 652
651 657
651 659
651 660
651 668
652 651
652 657
652 660
652 668
653 654
653 672
654 653
656 664
657 651
657 652
659 651
659 666
659 667
660 651
660 652
664 656
666 659
666 667
667 659
667 666
668 651
668 652
669 675
670 671
671 670
671 676
672 653
675 669
676 671
685 89
685 367
685 442
685 547
685 548
685 572
685 602
685 613
685 614
685 651
685 652
685 669
685 670
685 671
685 672
685 686
685 687
685 688
685 689
685 690
685 691
685 692
685 693
685 694
685 695
685 696
685 699
685 700
685 701
685 703
685 704
685 713
685 714
685 715
685 716
685 718
685 733
685 734
685 735
685 764
685 765
685 803
685 820
686 685
687 685
688 685
688 696
688 697
688 698
689 685
689 692
690 685
691 685
692 685
692 689
693 685
694 685
695 685
696 685
696 688
697 688
698 688
699 700
699 701
699 702
699 707
699 708
699 709
699 714
699 718
700 699
701 699
701 703
702 699
702 708
703 701
703 704
704 703
707 699
708 699
708 702
709 699
714 715
714 716
714 717
714 718
714 729
714 730
714 731
715 714
715 716
715 728
716 714
716 715
716 717
716 731
717 714
717 716
718 714
718 720
718 721
720 718
720 721
721 718
721 720
722 723
723 722
728 715
729 714
729 730
730 714
730 729
731 714
731 716
733 734
733 735
733 736
733 737
733 743
733 744
734 733
734 735
734 737
734 744
735 733
735 734
735 738
735 739
736 733
737 733
737 734
738 735
738 746
739 735
740 747
743 733
744 733
744 734
746 738
747 740
750 751
750 752
750 755
750 760
751 750
751 752
751 760
752 750
752 751
752 755
753 754
754 753
755 750
755 752
756 762
760 750
760 751
762 756
764 733
764 750
764 765
764 766
764 767
764 768
764 769
764 770
764 773
764 774
764 775
764 776
764 777
764 778
764 779
764 780
764 781
764 787
764 788
764 789
764 802
764 803
764 820
765 733
765 734
765 750
765 751
765 764
765 766
765 767
765 768
765 778
765 779
765 781
765 782
765 783
765 784
765 785
765 786
765 789
765 803
765 820
766 764
766 765
766 767
766 768
766 777
766 780
767 764
767 765
767 766
767 768
767 778
768 764
768 765
768 766
768 767
768 778
769 764
770 764
770 773
773 764
773 770
774 764
775 764
776 764
777 764
777 766
777 780
778 764
778 765
778 767
778 768
779 764
779 765
780 764
780 766
780 777
781 764
781 765
781 782
782 765
782 781
783 765
784 765
785 765
786 765
787 788
787 789
787 790
787 792
787 799
787 800
788 787
788 790
789 787
790 787
790 788
790 792
792 787
792 790
792 799
793 794
794 793
799 787
799 792
800 787
802 803
802 804
802 808
802 811
802 812
802 813
802 814
803 787
803 788
803 793
803 794
803 802
803 809
803 810
803 817
803 818
803 819
804 802
805 807
807 805
808 802
808 813
809 803
809 810
809 816
810 803
810 809
811 802
812 802
813 802
813 808
814 802
816 809
817 803
818 803
818 819
819 803
819 818
820 764
820 765
820 802
820 803
820 804
820 805
820 806
820 807
820 821
820 822
820 823
820 825
820 826
820 847
821 820
821 822
822 820
822 821
823 820
823 828
824 827
825 820
826 820
827 824
828 823
829 834
831 837
834 829
837 831
838 839
838 840
839 838
839 840
840 838
840 839
841 842
842 841
847 856
848 852
850 851
851 850
852 848
856 847
863 864
864 863
876 863
876 877
876 878
876 879
876 880
876 881
876 887
876 888
876 891
876 892
877 876
877 880
877 881
877 888
878 876
878 882
878 883
879 876
879 884
879 889
879 890
880 876
880 877
880 887
881 876
881 877
882 878
883 878
884 879
884 889
887 876
887 880
888 876
888 877
889 879
889 884
890 879
891 876
891 892
891 895
891 896
891 910
891 914
892 876
892 891
892 893
892 897
892 898
892 899
892 900
892 910
893 892
895 891
896 891
897 892
898 892
899 892
899 900
900 892
900 899
910 914
911 913
913 911
914 910
916 917
917 916
929 934
930 931
931 930
934 929
937 938
937 939
937 943
938 937
938 939
938 943
939 937
939 938
939 941
939 945
939 946
941 939
943 937
943 938
945 939
946 939
952 953
952 956
953 952
953 956
954 968
955 969
956 952
956 953
957 958
958 957
968 954
969 955
972 973
972 974
972 975
972 976
972 977
972 989
972 990
973 972
973 974
973 985
973 986
973 987
974 972
974 973
974 987
975 972
975 977
975 989
976 972
977 972
977 975
977 989
985 973
985 986
986 973
986 985
987 973
987 974
989 972
989 975
989 977
990 972
993 994
993 996
993 1000
993 1001
993 1010
993 1011
993 1014
993 1015
994 993
994 995
994 997
994 1002
994 1005
995 994
995 997
995 1004
995 1006
995 1007
996 993
997 994
997 995
997 1003
997 1004
998 1008
1000 993
1001 993
1002 994
1002 1005
1003 997
1004 995
1004 997
1005 994
1005 1002
1006 995
1007 995
1008 998
1009 1010
1009 1013
1009 1020
1010 1009
1010 1011
1010 1023
1011 1010
1011 1014
1013 1009
1014 1011
1014 1024
1016 1017
1017 1016
1020 1009
1023 1010
1024 1014
