1 2
1 10
2 1
2 10
3 7
3 8
7 3
7 8
8 3
8 7
11 12
13 14
13 17
13 21
14 13
14 17
17 14
18 46
19 18
21 13
22 21
25 28
25 34
25 40
25 41
26 18
26 19
26 28
26 29
26 30
26 35
26 36
26 43
26 44
26 45
26 46
27 32
27 33
27 38
27 39
28 25
28 26
28 29
28 35
28 36
28 43
28 44
28 45
29 26
29 28
29 30
29 35
29 36
29 43
29 44
29 45
29 46
30 18
30 26
30 29
30 46
31 37
31 65
32 27
32 38
33 27
33 34
33 39
34 25
34 40
35 26
35 28
35 29
35 36
35 42
35 44
35 45
36 26
36 28
36 29
36 35
36 43
36 44
36 45
37 31
38 27
38 32
39 27
39 33
40 25
41 25
42 28
42 35
43 26
43 28
43 29
43 35
43 36
43 44
43 45
44 26
44 28
44 29
44 35
44 36
44 43
44 45
45 26
45 28
45 29
45 35
45 36
45 43
45 44
46 18
46 29
46 30
47 55
47 61
47 62
47 63
47 64
47 65
48 31
48 37
48 47
48 64
48 65
49 50
49 57
49 58
50 49
50 51
50 58
50 59
51 50
51 52
51 59
53 54
54 53
55 47
55 61
57 49
59 50
59 52
61 47
61 55
62 47
62 63
63 47
63 62
64 47
64 48
66 67
67 66
68 73
70 75
72 67
74 70
74 75
75 70
75 74
76 71
76 79
76 91
77 81
78 87
78 88
79 71
79 91
81 77
81 82
83 84
85 86
86 87
87 78
87 85
87 86
88 78
89 90
90 91
91 76
91 79
91 90
92 93
92 97
92 98
92 103
92 104
92 105
92 106
92 107
93 92
93 94
93 97
93 98
93 104
93 105
93 106
94 92
94 93
94 107
94 108
94 109
97 92
97 93
97 98
97 103
98 92
98 93
98 97
98 103
99 110
103 92
103 98
104 92
104 93
104 105
104 106
105 92
105 93
105 104
105 106
106 92
106 93
106 104
106 105
107 92
107 94
108 94
108 109
109 94
110 99
111 116
111 117
111 122
111 123
112 113
112 114
112 118
113 112
113 114
113 115
113 118
113 119
114 112
114 113
114 115
114 119
115 113
115 114
115 119
115 120
115 127
116 111
116 117
117 116
117 122
117 123
118 112
118 113
119 114
119 115
120 115
120 121
120 127
120 128
121 120
121 127
121 128
122 117
122 123
123 111
123 117
123 122
124 125
125 124
127 120
127 121
128 120
128 121
129 111
129 112
129 113
129 114
129 115
129 116
129 117
129 118
129 122
129 123
129 124
129 125
129 130
129 131
129 132
129 133
129 134
129 135
129 136
129 137
129 138
129 139
129 140
129 142
129 143
129 152
129 153
130 111
130 116
130 117
130 129
130 132
131 129
132 129
132 130
133 129
133 138
134 129
138 129
138 133
139 140
139 141
139 144
139 145
139 146
139 147
139 148
139 154
140 139
140 141
140 147
140 149
140 150
140 151
141 139
141 140
141 149
143 134
143 153
144 139
144 145
144 146
145 139
145 144
145 148
146 139
146 144
146 145
146 148
147 139
147 140
147 141
147 149
147 150
148 145
148 146
149 139
149 140
149 141
149 147
149 150
150 140
150 147
150 149
155 161
157 158
157 164
157 166
157 167
158 157
158 164
158 167
158 168
159 160
160 159
161 155
164 157
164 165
165 157
165 164
166 158
166 164
166 165
167 157
167 168
168 158
168 167
170 175
170 176
171 173
171 174
171 180
171 181
173 171
173 174
173 180
174 171
174 173
174 181
175 170
175 176
178 179
179 178
180 171
180 173
181 171
181 174
183 184
183 185
183 186
183 187
183 188
183 193
183 195
183 196
184 183
184 189
184 190
184 191
185 183
185 186
185 192
185 195
186 183
186 187
187 183
187 186
187 188
187 193
188 183
188 187
188 193
189 184
189 190
190 189
192 183
192 185
192 196
193 183
193 186
193 187
193 188
194 184
194 191
195 183
195 192
195 196
196 183
196 192
196 195
197 198
197 202
197 203
197 213
197 214
197 215
198 197
198 202
198 203
198 214
198 215
199 221
200 229
201 209
201 210
201 211
201 212
201 213
202 197
202 203
202 214
202 215
203 197
203 198
203 202
203 204
203 216
203 217
204 203
204 216
204 217
205 206
205 207
205 218
205 219
205 220
206 205
206 207
206 218
206 219
206 220
207 205
207 219
207 220
208 200
209 201
209 210
210 201
210 209
210 211
211 201
211 210
211 212
212 201
212 210
212 211
212 213
213 197
213 201
213 212
214 197
214 202
214 215
215 197
215 198
216 203
216 204
216 217
217 203
217 204
217 216
218 205
218 206
218 219
219 205
219 206
219 207
219 218
219 220
220 205
220 206
220 207
220 219
221 199
222 224
222 228
222 235
222 236
223 225
224 222
224 228
224 229
224 236
225 223
225 232
226 227
228 222
228 224
228 229
228 236
229 200
229 208
229 224
229 228
231 230
232 225
236 222
236 224
236 228
237 238
237 239
237 241
237 247
237 248
237 249
238 239
238 251
239 237
239 241
239 250
240 237
240 248
241 237
241 239
241 249
245 244
245 246
247 237
247 240
247 248
248 237
248 240
248 247
249 237
249 239
249 241
250 237
250 239
251 238
252 254
252 265
253 257
253 258
253 263
254 252
254 264
254 265
255 260
255 267
255 268
255 269
256 276
257 253
257 258
257 259
257 263
258 253
258 257
258 259
259 257
259 258
259 263
260 255
260 267
260 268
261 269
262 270
262 271
263 253
263 257
263 258
264 254
264 265
265 254
265 264
266 267
267 260
267 266
267 268
268 255
268 260
268 267
269 255
269 261
270 261
270 262
272 273
272 274
272 275
272 278
272 279
272 280
272 281
272 282
272 283
272 284
272 301
273 272
273 274
273 278
273 279
273 280
273 295
274 272
274 278
274 279
275 272
276 256
276 287
276 288
278 272
278 273
278 274
278 279
278 280
279 272
279 273
279 274
279 278
279 280
280 273
280 279
281 272
281 282
281 283
282 272
282 281
282 283
283 272
283 281
283 282
284 272
286 285
287 276
288 276
289 291
289 293
289 296
290 292
290 294
290 298
291 289
291 296
292 290
292 294
293 289
293 297
294 290
295 277
296 291
297 293
300 301
300 302
300 303
300 304
300 306
300 308
300 309
300 314
300 315
300 316
300 317
300 318
300 319
300 320
300 321
301 289
301 291
301 300
301 302
301 306
301 309
301 321
301 322
302 300
302 301
302 303
302 304
302 306
302 309
302 318
302 319
302 320
302 321
303 300
303 302
303 304
303 307
303 308
303 310
303 311
303 312
303 313
303 314
303 315
304 300
304 302
304 303
304 306
304 308
304 317
306 300
306 301
306 302
306 304
306 319
307 303
307 310
307 311
307 312
308 300
308 303
308 304
308 313
308 314
308 315
308 316
308 317
309 300
309 302
309 322
310 303
310 307
310 311
311 303
311 307
311 310
311 312
311 313
312 307
312 311
312 313
312 314
313 303
313 308
313 311
313 312
313 314
313 315
314 300
314 303
314 308
314 312
314 313
314 315
314 316
315 300
315 303
315 308
315 313
315 314
315 317
316 300
316 308
316 314
316 315
316 317
317 300
317 304
317 308
317 315
317 316
318 300
318 302
319 300
319 302
319 304
319 306
320 300
321 301
321 302
322 301
324 328
328 324
329 330
330 329
330 331
331 329
331 330
332 338
332 347
333 327
333 337
333 342
333 343
333 344
333 345
334 333
334 335
334 337
334 342
334 343
334 344
334 350
335 334
335 336
335 339
335 340
336 335
336 339
336 340
336 348
337 333
337 334
337 341
337 342
337 343
337 344
338 332
338 347
339 335
339 336
339 348
340 335
340 336
340 341
340 349
341 334
341 337
341 340
341 342
341 349
342 333
342 334
342 337
342 343
342 344
343 333
343 334
343 337
343 342
343 344
344 333
344 334
344 337
344 342
344 343
345 333
345 334
345 350
347 332
348 335
349 340
349 341
350 333
350 334
350 345
351 352
351 361
351 375
352 351
352 361
353 355
354 356
354 362
354 363
354 364
354 365
355 353
355 356
356 354
356 355
356 362
356 363
356 364
357 366
358 359
358 370
359 358
359 370
361 351
361 352
362 354
362 356
362 363
362 364
362 365
363 354
363 356
363 362
363 364
363 365
364 354
364 356
364 363
364 365
365 354
365 363
365 364
366 357
366 368
367 366
368 366
368 367
370 358
370 359
371 373
371 374
371 377
371 378
371 379
371 382
371 383
371 384
372 352
372 375
372 385
372 386
372 387
373 371
373 376
373 382
373 383
374 371
374 377
374 378
374 384
375 385
375 386
375 387
376 373
377 371
377 374
377 378
378 371
378 377
378 384
379 371
382 371
382 373
382 383
383 371
383 382
384 371
384 378
385 372
385 375
385 386
385 387
386 372
386 375
386 385
387 372
387 375
387 385
387 386
388 389
388 390
388 394
388 395
388 405
389 388
389 390
389 405
390 388
390 389
393 399
393 400
394 388
394 404
395 388
395 390
396 391
396 392
397 398
398 397
399 393
399 400
400 393
400 399
401 402
402 401
403 404
404 394
404 403
405 388
406 407
406 410
406 427
406 441
407 406
407 408
407 414
407 415
409 411
409 412
409 420
410 406
410 413
411 409
411 420
412 409
412 411
412 420
412 421
413 406
413 410
414 406
414 407
415 407
415 408
416 408
416 417
417 408
420 409
420 411
420 412
421 412
422 406
422 410
422 425
422 426
422 430
422 438
422 439
422 440
422 441
423 424
423 428
423 431
423 432
423 433
423 442
423 450
424 423
424 429
424 433
424 434
426 422
426 425
427 422
427 439
427 440
427 441
428 423
428 432
428 450
429 424
429 434
429 435
430 422
430 425
430 438
431 432
432 423
432 428
432 431
433 423
433 424
434 424
434 429
434 435
435 429
435 434
435 437
436 437
437 436
438 422
438 430
439 422
439 427
440 439
441 422
441 427
442 423
442 444
442 445
442 449
442 450
442 457
442 458
442 459
443 446
443 452
443 453
444 442
444 445
444 458
444 459
445 442
445 444
445 457
445 458
445 459
446 443
446 452
446 453
447 448
447 454
447 455
447 456
448 447
448 455
448 456
449 442
449 444
450 428
450 431
450 432
450 442
452 443
452 446
452 453
453 446
454 447
454 455
454 456
455 447
455 448
455 454
455 456
456 447
456 448
456 454
456 455
457 442
457 444
457 445
457 458
458 442
458 444
458 457
458 459
459 442
459 444
459 445
460 462
460 468
460 469
460 471
461 460
461 462
461 470
461 472
462 461
462 472
465 463
466 467
469 460
469 468
470 460
470 471
471 461
471 470
472 461
472 462
474 475
474 476
474 477
474 478
474 479
474 480
474 481
474 486
474 487
474 490
474 504
474 505
475 474
475 476
476 474
476 475
476 477
476 478
476 480
477 474
477 476
477 504
477 505
478 474
478 475
478 476
478 480
479 474
480 474
480 475
480 476
480 478
483 484
486 475
486 476
486 477
486 478
486 480
486 487
486 490
486 504
486 505
487 486
487 489
487 494
487 502
488 491
488 492
488 495
489 487
489 494
489 500
489 501
489 502
490 486
490 504
490 505
491 488
491 519
492 488
492 495
492 519
493 488
494 487
494 489
494 502
495 488
495 492
496 497
496 498
497 496
497 498
497 499
498 496
498 499
499 496
499 497
499 498
501 487
501 489
501 500
502 487
502 489
504 486
504 490
504 505
505 486
505 490
505 504
506 507
506 508
506 509
506 512
506 513
506 514
506 523
507 506
507 508
507 510
507 511
507 515
507 516
508 506
508 507
508 515
508 516
509 506
509 512
509 513
510 511
511 507
512 506
512 509
512 513
513 506
513 512
514 506
515 507
515 508
516 508
521 522
521 523
521 527
521 528
521 529
522 528
523 521
523 530
527 521
527 522
528 521
528 522
529 521
531 532
531 533
531 534
531 535
531 536
531 537
531 538
531 539
531 540
531 542
531 543
531 544
531 545
531 546
531 547
531 548
531 550
531 554
531 556
531 557
531 558
531 567
531 568
532 531
532 533
532 535
532 536
532 537
532 538
532 540
532 543
532 545
532 546
532 547
532 550
533 531
533 536
533 537
533 538
533 540
534 524
534 525
534 531
534 539
534 541
535 531
535 532
536 531
536 532
536 533
536 537
536 538
537 531
537 532
537 533
537 536
537 538
537 548
538 531
538 533
538 536
538 537
538 548
539 524
539 525
539 531
539 534
539 541
540 531
540 532
540 533
540 546
540 547
541 524
541 534
541 539
542 531
542 535
543 531
543 532
543 544
543 545
544 531
544 532
544 543
544 545
545 531
545 532
545 543
545 544
546 531
546 532
546 540
546 547
547 532
547 540
547 546
548 531
548 537
548 538
550 535
550 556
550 558
550 566
550 567
550 568
553 554
553 555
553 563
553 564
554 553
554 555
554 556
554 565
555 553
555 554
555 556
555 565
556 550
556 554
556 555
557 550
557 558
557 566
557 567
558 550
558 557
558 567
558 568
560 561
563 553
564 553
564 565
565 553
565 554
565 555
565 564
566 550
566 556
566 557
567 550
567 557
567 558
568 550
568 558
568 567
569 575
569 580
570 600
571 578
573 569
573 574
573 575
573 580
574 569
574 573
574 575
574 580
575 569
575 573
575 574
576 570
577 571
577 572
578 571
580 569
580 573
580 574
582 531
582 532
582 533
582 569
582 570
582 571
582 572
582 573
582 576
582 577
582 583
582 584
582 585
582 586
582 587
582 588
582 589
582 590
582 591
582 592
582 593
582 594
582 595
582 596
582 597
582 598
582 599
582 600
582 601
582 602
582 603
582 604
582 605
582 606
582 607
582 608
582 609
582 611
582 612
582 614
582 615
582 616
582 617
582 618
582 619
582 620
582 622
582 625
582 632
582 639
582 657
582 698
583 582
583 587
583 588
584 570
584 582
584 592
584 600
585 582
585 590
585 595
586 582
586 591
587 582
587 583
587 593
587 594
588 582
588 583
588 594
590 582
590 585
590 595
591 582
591 586
591 597
592 582
592 584
592 599
593 582
593 587
594 582
594 583
594 587
594 588
597 582
597 591
597 596
598 582
598 584
598 592
598 599
599 582
599 584
599 592
599 598
600 582
600 584
601 604
601 605
601 607
601 610
601 611
601 625
601 632
601 638
602 603
602 606
602 608
602 616
602 617
602 618
602 619
602 620
603 602
603 608
603 620
604 601
604 605
604 607
604 610
604 638
605 601
605 604
605 611
605 612
605 613
606 602
606 603
606 617
606 618
606 619
607 601
607 604
607 610
608 602
608 609
608 620
609 603
609 608
610 601
610 604
610 607
610 638
611 601
612 605
612 613
613 605
613 612
616 602
616 606
616 617
617 602
617 606
617 616
618 602
618 606
618 619
619 602
619 606
619 618
620 602
620 603
620 608
620 619
621 626
621 656
622 624
622 628
622 635
623 622
623 628
623 634
624 622
624 629
624 636
625 632
625 637
626 621
626 656
627 623
627 628
628 622
628 623
628 633
628 634
628 635
629 624
629 630
629 636
630 631
632 625
632 637
633 627
634 622
634 627
634 628
635 622
635 628
636 624
636 629
637 632
638 632
639 621
639 640
639 650
639 651
639 652
639 653
639 654
639 657
640 639
640 650
640 651
641 642
641 644
641 647
641 649
642 641
642 644
642 645
642 649
643 665
644 641
644 647
644 648
644 649
646 639
646 654
646 655
647 641
647 644
648 644
648 647
649 641
649 642
649 644
650 651
650 652
650 653
651 639
651 640
651 650
651 652
651 653
652 639
652 650
652 651
652 653
653 639
653 650
653 651
653 652
654 639
654 646
657 643
657 658
657 659
657 660
657 663
657 664
657 665
657 671
657 672
657 673
658 657
658 659
658 660
658 663
658 664
658 665
658 671
658 672
658 673
659 657
659 658
659 660
659 663
659 664
659 671
659 672
659 673
660 643
660 657
660 658
660 659
660 663
660 664
660 665
660 673
661 666
661 667
661 668
663 657
663 658
663 659
663 660
663 664
663 672
663 673
664 657
664 658
664 659
664 660
664 663
664 671
664 672
664 673
665 643
665 657
665 658
665 660
666 661
667 661
667 666
667 668
668 661
668 667
670 669
671 657
671 658
671 659
671 663
671 664
671 672
671 673
672 657
672 658
672 659
672 663
672 664
672 671
672 673
673 657
673 658
673 659
673 660
673 663
673 664
673 671
673 672
675 676
675 678
675 679
675 682
675 683
676 675
676 677
676 679
676 683
677 676
677 678
678 675
678 676
678 677
678 679
679 676
679 677
679 678
680 681
680 693
680 694
680 695
681 680
681 693
681 694
681 695
681 696
681 697
682 675
683 675
683 676
684 685
684 686
685 684
685 686
685 687
686 684
686 685
686 687
687 685
687 686
687 688
688 687
688 689
693 680
693 681
693 694
693 695
694 680
694 693
694 695
695 680
695 681
695 693
695 694
695 696
696 681
696 695
698 675
698 700
698 701
698 702
698 703
698 704
698 705
698 706
698 707
698 709
698 710
698 711
698 712
698 713
699 698
699 700
699 705
699 710
699 711
700 698
700 704
700 705
700 711
700 712
701 698
701 702
701 707
701 713
702 698
702 701
702 707
702 713
703 698
703 708
704 698
704 699
704 700
704 710
704 711
705 698
705 699
705 700
705 712
706 698
706 707
707 698
707 701
707 702
707 713
708 703
709 698
710 698
710 704
711 698
711 699
711 700
711 704
712 698
712 700
712 705
713 698
713 701
713 702
713 707
715 720
715 721
715 722
716 714
718 719
719 718
720 715
720 721
721 722
722 715
722 721
724 727
724 728
724 732
724 733
724 734
725 726
725 729
726 729
727 724
727 730
727 732
728 724
728 735
729 725
729 726
730 727
733 724
736 729
737 731
737 746
737 747
739 743
743 739
744 745
746 737
746 747
747 737
747 746
750 751
750 771
751 750
751 771
752 750
752 754
753 755
754 752
754 755
755 753
755 754
758 757
759 757
759 758
762 770
762 777
763 767
763 773
763 774
764 765
764 768
764 775
765 764
765 768
765 769
765 775
765 776
766 784
767 763
767 772
770 762
770 777
771 751
773 763
773 767
774 763
775 764
775 776
776 765
776 769
776 775
777 762
777 770
778 779
778 783
778 786
778 787
779 778
779 783
779 785
780 792
782 811
782 812
783 778
783 779
783 786
784 788
784 790
785 779
786 783
787 778
787 788
788 784
788 787
789 784
789 790
791 782
791 792
791 795
791 808
791 809
791 810
791 811
791 812
792 780
792 782
792 791
792 811
793 797
794 802
795 791
795 808
795 809
795 810
796 793
796 797
797 793
799 800
802 794
802 803
805 806
806 805
808 795
808 807
809 791
809 795
809 808
809 810
810 791
810 795
810 809
811 791
811 792
811 812
812 791
812 792
812 811
813 815
813 820
813 821
815 813
815 820
817 816
818 822
820 815
823 824
823 825
823 826
823 827
823 829
823 830
823 834
824 823
824 830
824 835
824 836
825 823
825 833
826 823
826 827
826 829
828 831
828 832
829 823
829 826
829 827
830 823
830 824
831 828
833 825
834 823
835 824
835 836
836 824
837 852
837 856
837 868
838 843
839 840
839 844
839 845
839 846
840 839
840 845
840 846
841 842
843 844
843 845
844 839
844 843
844 845
845 839
845 840
845 843
845 844
845 846
846 839
846 840
846 845
850 837
850 851
850 852
850 856
850 858
850 859
850 860
850 861
850 862
850 863
850 866
850 867
851 850
851 854
851 855
851 859
851 860
851 865
851 866
852 837
852 850
852 856
852 862
852 867
852 868
853 857
853 864
854 853
854 864
855 851
855 865
856 850
856 852
856 862
856 863
856 867
856 868
858 850
858 851
858 859
858 860
858 866
859 850
859 851
859 858
859 860
859 866
860 850
860 851
860 858
860 866
862 850
862 852
862 863
862 867
863 850
863 852
863 856
863 862
863 867
864 853
864 854
866 850
866 851
866 858
866 859
866 860
867 850
867 852
867 856
867 862
867 863
868 863
869 877
869 885
869 898
870 875
870 878
870 879
870 880
870 881
871 869
871 877
873 874
875 870
875 876
875 879
875 880
876 870
876 875
876 880
877 869
877 871
878 870
878 875
878 879
878 880
879 870
879 878
879 880
880 870
880 875
880 876
880 878
880 879
881 870
881 876
881 882
883 886
883 887
883 888
883 892
883 893
883 911
884 890
884 891
885 869
885 871
885 884
885 898
886 883
886 888
886 893
887 883
887 886
887 888
887 892
887 893
888 883
888 886
888 887
888 889
890 884
890 891
891 890
892 883
892 886
892 887
892 893
893 883
893 886
893 887
893 892
895 896
897 884
898 885
899 883
899 900
899 901
899 902
899 903
899 908
899 909
899 910
899 911
899 916
899 917
900 899
900 901
900 908
901 899
901 900
901 902
901 908
902 899
902 900
902 901
902 917
904 914
904 915
905 906
906 905
908 899
908 900
908 901
909 899
909 903
910 899
910 903
910 911
910 918
911 899
911 910
911 918
912 913
914 904
915 904
915 914
916 899
916 902
916 917
917 899
917 902
918 911
919 925
920 921
920 922
920 927
921 920
921 922
921 927
922 920
922 921
922 927
923 912
924 946
927 922
929 924
929 946
930 933
930 934
930 940
931 937
932 937
932 938
932 943
932 944
933 934
933 940
934 930
934 933
934 940
936 931
936 941
936 942
937 931
937 932
937 943
938 932
938 943
938 944
939 945
940 930
940 933
940 934
941 936
943 932
943 937
943 938
943 944
944 932
944 943
945 929
945 939
946 924
946 929
946 939
947 953
947 954
947 970
948 949
948 958
949 948
949 959
949 961
950 951
950 955
950 957
950 958
951 950
951 955
951 956
951 957
953 947
953 954
954 947
954 953
955 950
955 951
955 956
955 957
956 950
956 951
956 955
956 957
957 950
957 951
957 955
957 956
958 948
958 950
959 949
960 961
961 949
961 960
962 952
963 964
963 965
963 966
963 969
963 976
963 977
963 978
963 979
963 980
964 969
964 970
965 963
965 975
966 963
966 969
966 978
966 979
966 980
969 963
969 964
969 966
969 980
970 964
972 967
972 973
972 974
973 967
974 972
974 973
975 965
976 968
976 977
977 976
978 963
978 966
978 979
979 963
979 966
979 978
979 980
980 963
980 966
980 979
982 985
985 982
985 989
985 990
985 991
985 992
986 971
986 982
986 993
990 985
990 991
990 992
991 985
991 990
991 992
992 985
992 990
994 995
994 997
994 998
994 1005
994 1006
995 994
995 1004
996 1005
999 1000
999 1007
1000 999
1000 1007
1001 1000
1001 1002
1002 1001
1005 994
1005 996
1006 994
1006 998
1007 1000
1008 1015
1008 1016
1008 1022
1009 1012
1009 1013
1009 1020
1010 1008
1010 1022
1011 1003
1011 1018
1011 1024
1012 1009
1012 1013
1012 1020
1013 1009
1013 1012
1013 1020
1015 1008
1015 1016
1016 1008
1016 1015
1017 1015
1017 1016
1018 1011
1018 1024
1020 1009
1020 1012
1020 1013
1021 1014
1022 1008
1022 1010
1022 1023
1024 1011
1024 1018
