1 3
1 5
1 6
1 10
1 11
1 12
1 1008
1 1010
3 1
3 4
3 6
3 12
4 1
4 3
4 6
4 12
5 1
6 1
6 3
6 4
6 12
7 8
8 7
11 1
11 3
12 1
12 3
12 4
12 6
13 1
13 2
13 3
13 4
13 5
13 7
13 14
13 15
13 16
13 17
13 18
13 19
13 20
13 21
13 22
13 23
13 24
13 25
13 26
13 27
13 28
13 29
13 30
13 31
13 32
13 33
13 38
13 39
13 40
13 41
13 42
13 43
13 44
13 45
13 46
13 47
13 66
13 67
13 92
13 129
13 899
13 947
13 948
13 1008
14 13
14 15
14 16
14 20
15 13
15 14
15 16
16 13
16 14
16 15
16 21
17 13
18 24
19 13
19 46
21 13
22 13
24 13
24 18
25 26
25 28
25 29
25 30
25 31
25 36
25 37
25 38
25 39
25 40
28 25
28 29
28 31
28 39
28 40
29 25
29 28
29 31
29 32
29 40
29 41
29 42
29 43
31 28
31 32
31 33
31 41
31 42
31 43
31 44
32 29
32 33
32 43
32 44
32 45
33 32
33 44
33 45
36 25
38 25
38 28
40 25
40 29
41 29
41 42
42 29
42 31
42 41
42 43
43 29
43 31
43 32
43 42
44 31
44 32
44 33
44 45
45 33
45 44
46 19
47 57
47 64
47 65
49 58
49 59
51 52
51 62
52 53
53 52
53 63
54 55
54 63
55 54
56 47
56 64
56 65
59 49
59 58
63 53
63 54
64 47
64 56
64 65
66 67
66 68
66 69
66 70
66 71
66 72
66 73
66 74
66 75
66 79
66 82
66 92
67 48
67 69
67 70
67 71
68 66
69 66
69 67
69 70
69 74
70 66
70 69
71 48
71 66
71 67
72 66
72 73
73 66
74 66
74 69
75 66
76 77
76 78
76 96
76 110
77 76
77 78
78 76
78 77
78 80
78 83
79 82
79 91
80 78
80 83
81 86
81 87
81 88
82 79
83 80
86 81
87 81
87 88
89 79
89 90
90 79
90 89
90 91
91 79
91 89
91 90
92 76
92 77
92 93
92 94
92 95
92 96
92 97
92 100
92 101
92 102
92 106
92 108
92 109
92 110
92 129
93 92
93 94
93 99
93 104
93 105
94 92
94 93
94 100
95 96
96 95
96 102
96 110
97 95
99 93
101 95
101 97
101 108
101 109
102 96
104 93
104 99
105 93
107 92
107 100
108 92
108 101
108 109
109 92
110 96
111 121
111 122
111 123
111 124
112 132
115 127
115 128
116 113
120 119
121 122
122 121
122 123
123 111
123 122
129 92
129 130
129 131
129 132
129 133
129 134
129 135
129 136
129 137
129 141
129 142
130 129
130 134
131 129
131 133
132 112
133 131
134 129
134 130
139 140
139 146
139 147
139 150
140 139
140 145
140 146
140 149
140 165
140 166
141 142
141 144
141 153
142 141
142 153
144 141
146 139
146 140
146 147
147 139
147 146
148 141
149 140
150 139
153 142
154 155
154 160
154 161
154 162
154 167
155 154
155 156
155 161
155 162
155 163
155 167
156 155
156 157
156 158
156 164
156 168
156 169
157 156
157 158
157 165
157 168
157 169
158 156
158 157
160 154
161 154
161 155
161 162
161 167
162 155
162 161
162 163
162 167
163 155
163 162
164 156
164 157
164 158
165 157
165 158
166 165
167 155
167 161
168 156
168 157
168 169
169 156
170 171
170 172
170 179
170 180
172 170
172 173
172 174
172 181
172 182
173 172
173 174
174 173
177 176
179 180
180 170
180 179
181 172
182 172
182 173
183 185
183 190
185 183
185 190
187 194
187 195
187 196
189 183
190 183
190 185
192 186
194 187
195 187
196 187
196 195
197 198
197 202
197 203
197 204
197 205
197 206
197 207
197 213
197 214
197 215
197 216
198 197
198 202
198 203
198 204
198 205
198 213
198 214
199 201
199 211
199 212
199 217
199 218
199 219
199 220
200 209
201 199
201 211
201 212
201 220
201 221
202 197
202 198
202 203
203 197
203 198
203 202
203 204
204 197
204 198
204 203
205 197
205 198
205 207
205 213
205 215
205 216
206 197
206 205
206 207
206 215
207 197
207 205
207 206
207 215
207 216
208 200
209 200
209 210
211 199
211 201
211 220
212 201
212 221
213 197
213 198
213 205
214 197
214 198
214 213
215 205
215 216
216 197
216 205
216 206
216 207
216 215
217 199
218 199
218 217
218 219
219 199
219 218
220 199
220 201
220 211
221 212
222 197
222 198
222 226
222 230
222 235
222 236
222 239
224 229
224 232
225 224
225 229
225 232
226 222
228 224
229 224
229 225
231 223
231 227
232 224
232 225
232 229
235 222
236 222
237 238
237 239
237 240
238 237
238 239
238 241
238 248
238 249
238 250
239 223
239 227
239 231
239 237
239 238
240 237
241 238
241 239
241 251
245 246
247 248
249 238
250 238
251 239
251 241
252 266
252 268
253 255
253 256
253 257
253 261
253 262
254 253
254 255
254 256
254 257
254 262
255 256
255 257
255 258
255 262
256 253
256 254
256 255
256 257
256 263
257 253
257 254
257 255
257 256
258 255
258 256
262 253
262 254
262 255
262 257
263 256
266 252
267 268
268 252
272 253
272 260
272 273
272 276
272 277
272 282
272 283
272 284
272 285
272 286
272 287
272 288
273 272
273 276
273 280
273 281
275 274
276 272
276 280
277 272
277 278
277 286
277 287
277 288
278 272
278 277
278 287
278 288
280 273
283 272
283 284
284 272
285 272
286 277
286 278
286 285
286 287
287 272
287 277
287 278
287 285
287 286
288 272
288 277
289 295
289 297
290 294
292 295
292 299
293 309
295 289
295 292
299 292
300 301
300 302
300 305
300 310
300 311
300 312
300 324
301 300
301 302
301 304
301 305
301 310
301 311
301 312
301 324
302 300
302 301
302 305
302 306
302 307
302 313
302 314
303 319
305 300
305 301
305 302
305 306
306 302
306 305
306 313
307 302
307 313
307 314
308 316
308 317
310 300
310 301
310 312
311 300
311 301
311 310
311 312
312 301
313 302
313 305
313 306
313 307
314 302
314 307
315 317
316 308
316 315
316 317
317 308
317 316
319 303
323 325
323 329
323 333
323 350
324 300
324 301
324 302
324 304
324 310
324 325
324 326
325 323
325 326
326 327
327 325
332 333
332 334
332 335
332 338
332 339
332 340
332 342
333 332
333 335
333 338
333 339
333 340
333 343
333 344
334 332
334 333
335 332
335 333
335 336
335 340
336 333
336 341
338 333
338 342
339 332
339 333
339 338
340 332
340 333
340 335
341 336
341 345
341 346
341 347
342 332
342 338
343 333
343 335
344 333
345 341
345 347
346 341
347 341
347 345
347 346
349 348
351 353
351 355
351 356
351 364
352 358
352 359
352 366
352 367
353 351
353 355
353 364
354 362
354 370
355 351
355 353
355 364
356 351
357 352
357 366
357 367
358 352
358 359
358 366
359 358
359 368
361 362
362 354
362 361
364 351
366 352
366 357
366 358
366 367
367 352
367 357
367 358
370 354
370 361
371 372
371 373
371 376
371 377
371 382
371 383
371 384
371 385
372 373
372 374
372 377
373 371
373 372
373 377
373 385
374 371
374 386
375 378
375 379
376 371
376 381
377 372
377 385
378 375
378 386
378 387
379 375
381 376
382 371
382 383
383 371
383 382
385 371
385 373
385 377
386 387
387 378
387 386
388 389
388 395
394 393
395 388
395 390
396 388
396 389
397 398
398 397
399 391
400 401
400 402
401 400
401 402
402 400
404 403
406 407
406 408
406 410
406 415
407 412
407 413
408 409
409 408
409 411
409 417
411 408
411 409
412 407
412 413
420 419
422 423
422 424
422 426
422 427
422 431
422 432
422 433
422 434
422 435
422 443
422 458
423 422
423 424
423 425
423 427
423 435
423 436
424 406
424 407
424 422
424 423
424 428
424 429
424 439
424 440
424 441
425 427
425 435
426 422
426 430
427 422
427 423
427 425
428 437
428 438
429 424
429 439
430 422
430 426
432 422
433 422
433 434
438 437
439 424
440 424
440 441
441 440
442 445
442 452
442 453
442 454
443 448
445 442
445 452
446 456
448 457
450 449
450 451
452 445
452 453
454 442
456 446
457 448
460 470
460 472
462 470
466 467
469 468
471 460
474 479
474 480
474 481
475 478
475 482
475 483
476 477
477 476
478 475
478 482
478 484
479 474
479 480
480 474
480 479
482 475
482 483
482 484
483 475
483 482
483 484
484 475
484 478
484 482
484 483
486 474
486 479
486 480
486 505
488 495
488 496
488 497
488 498
489 490
489 494
489 499
489 500
490 494
490 501
490 502
491 503
493 487
493 492
493 519
494 489
494 490
495 488
497 488
497 498
498 497
499 489
501 490
501 502
502 490
504 491
506 511
506 517
506 518
507 514
509 508
511 506
512 519
516 510
517 506
518 506
521 529
521 530
522 530
523 513
523 527
528 513
528 523
529 521
529 522
529 530
530 522
531 534
532 538
532 539
534 544
538 539
539 532
539 533
539 538
540 533
541 542
544 531
544 534
545 535
546 535
546 545
550 552
550 553
550 556
550 557
550 558
550 560
550 562
551 552
551 553
551 563
551 564
551 565
551 566
551 567
552 550
552 551
552 563
552 564
552 565
552 567
553 550
553 559
553 560
553 561
554 550
554 553
554 558
559 550
559 553
559 560
560 550
560 553
560 559
561 553
561 562
563 551
564 551
564 552
564 565
564 566
565 551
565 552
565 564
565 566
566 552
566 564
566 565
567 551
567 552
570 571
571 570
579 581
580 579
580 581
581 580
582 583
582 584
582 587
582 592
582 593
582 602
583 584
583 586
583 587
583 592
583 594
584 582
584 583
584 586
584 587
584 589
584 594
585 586
585 588
585 591
585 600
586 583
586 584
586 585
586 589
586 590
586 597
587 582
587 583
587 584
587 593
588 585
588 591
589 584
589 586
589 590
589 597
590 586
591 585
591 588
592 583
593 592
594 583
594 584
597 586
597 589
597 590
601 604
601 609
601 610
601 611
602 619
602 620
604 611
604 612
605 606
605 613
605 614
605 615
608 601
608 609
608 610
609 601
609 608
609 610
610 601
610 608
610 609
611 601
611 604
612 604
612 613
612 614
613 605
613 612
613 614
614 605
614 612
614 613
615 606
616 617
617 616
619 602
619 620
620 602
620 619
621 622
621 624
621 629
622 624
622 629
623 631
624 622
625 621
625 622
626 636
626 637
626 638
629 622
629 624
631 623
636 626
636 637
639 640
639 642
640 639
640 642
642 639
642 640
643 651
643 652
643 653
644 645
644 654
645 644
645 654
646 655
647 648
648 647
651 643
651 652
652 651
652 653
653 651
653 652
654 644
654 645
657 659
657 660
657 662
657 663
657 669
658 665
658 697
659 657
659 660
660 657
664 671
664 672
665 658
671 664
671 672
672 664
672 671
674 675
674 679
674 680
674 685
674 693
674 694
674 695
675 674
675 679
675 680
675 685
675 686
675 695
676 677
676 681
676 682
676 689
676 691
677 676
678 677
679 680
679 693
679 694
680 674
680 675
680 679
680 693
680 694
681 676
681 689
681 690
682 691
683 678
683 692
685 674
685 675
685 686
685 695
685 696
686 675
686 685
686 696
689 681
689 690
690 676
690 689
691 682
692 683
692 684
693 674
693 680
695 674
695 685
696 685
698 699
698 700
698 701
698 703
698 704
698 705
698 708
698 710
698 711
699 676
699 698
699 702
699 704
699 705
699 712
699 713
700 676
700 687
700 698
700 699
700 705
700 712
701 698
701 706
701 707
703 698
703 708
704 698
704 702
705 698
705 699
705 700
705 711
706 701
708 698
709 698
709 710
711 699
711 705
712 699
712 700
713 699
713 700
719 721
720 715
720 722
723 715
724 725
724 726
724 727
724 730
724 731
724 732
724 734
724 735
725 724
725 726
725 727
725 730
725 732
725 735
725 736
726 725
726 731
727 724
727 725
727 730
727 735
729 728
730 724
730 725
730 727
730 732
730 735
731 724
732 725
735 724
735 727
735 730
736 725
736 727
737 738
737 741
737 744
737 745
738 740
741 737
741 739
744 737
745 737
745 744
748 749
748 750
748 751
748 754
748 755
748 756
748 757
748 758
748 764
749 754
749 755
749 756
750 751
751 748
751 750
754 748
754 749
754 755
755 748
755 754
756 748
760 761
761 760
762 764
762 766
762 767
762 772
763 765
763 770
764 768
764 769
764 774
764 775
764 776
764 777
766 762
767 772
768 777
769 777
772 762
772 767
774 764
776 764
776 768
776 777
777 769
777 776
778 780
778 781
778 787
778 788
779 784
780 778
780 782
780 783
780 786
781 778
781 788
782 780
782 783
782 786
783 778
783 780
786 780
786 782
787 778
788 778
788 781
791 799
792 778
792 780
793 796
793 797
793 801
793 806
793 807
793 808
794 793
794 795
794 796
794 797
794 798
794 802
794 807
794 808
795 793
795 794
795 796
795 801
795 806
796 793
796 794
796 795
796 797
796 798
796 801
796 802
796 808
797 793
797 794
797 796
797 798
797 802
797 809
798 796
798 802
798 809
799 791
800 805
801 793
801 794
801 796
801 807
801 808
802 794
802 796
802 797
802 798
802 809
804 800
804 805
805 800
805 804
806 793
806 795
807 794
807 795
807 801
808 794
808 796
808 801
809 797
809 798
809 802
809 810
810 797
810 798
810 809
812 792
813 791
813 793
813 794
813 795
813 799
813 814
813 815
813 816
813 817
813 820
813 821
813 822
813 837
814 813
814 816
814 820
815 813
815 817
815 821
817 813
817 815
820 814
821 813
821 815
823 827
823 828
823 848
823 849
824 825
824 826
824 829
824 834
825 824
825 826
825 829
826 824
826 825
826 829
828 823
828 832
829 824
829 825
829 826
829 834
834 824
837 823
837 824
837 839
837 840
837 847
838 842
838 843
838 844
839 837
839 840
840 837
840 839
842 843
843 842
843 844
844 838
844 842
844 843
847 837
848 849
850 851
850 852
850 853
850 854
850 855
850 856
850 857
850 858
850 859
850 861
850 862
850 863
850 864
850 865
850 866
850 870
850 883
851 850
851 852
851 853
851 857
851 858
851 859
851 862
851 863
851 864
852 850
852 851
852 854
852 860
853 850
853 851
853 857
853 858
853 859
853 862
853 863
854 852
855 850
856 850
857 850
857 851
857 853
858 850
858 851
858 853
858 859
858 864
859 850
859 851
859 853
859 858
859 864
859 865
860 850
861 850
862 850
862 851
862 853
862 863
863 850
863 851
863 853
863 862
864 850
864 858
864 859
864 865
865 864
867 868
871 876
872 869
875 870
882 873
883 850
883 884
883 885
883 886
883 887
883 888
883 889
883 890
883 892
883 893
883 895
883 896
883 897
884 883
884 886
884 887
884 891
884 893
884 895
884 900
885 883
885 888
885 889
885 890
885 892
885 897
886 884
886 894
887 883
887 884
887 891
888 885
888 892
888 897
889 883
889 885
889 890
889 898
890 883
890 885
890 889
890 898
891 887
892 883
892 885
892 888
892 897
893 884
893 886
893 894
894 884
894 886
894 893
895 883
895 884
896 883
897 883
897 885
897 888
897 892
898 889
898 890
899 813
899 837
899 850
899 851
899 869
899 870
899 871
899 883
899 884
899 885
899 886
899 887
899 888
899 889
899 890
899 891
899 892
899 893
899 894
899 895
899 896
899 897
899 900
899 901
899 902
899 903
899 904
899 905
899 906
899 907
899 908
899 909
899 910
899 911
899 912
899 913
899 914
899 915
899 916
899 917
899 918
899 919
899 921
899 922
899 923
899 924
899 929
899 930
899 931
899 932
899 947
899 948
899 949
899 950
901 899
901 904
902 905
904 901
904 908
904 909
904 910
905 899
905 902
905 903
906 899
906 903
906 905
906 915
907 899
907 900
908 899
908 909
908 910
909 904
909 908
909 910
910 899
910 904
910 908
910 909
912 899
913 914
915 899
916 899
916 900
916 917
917 899
917 916
918 917
922 927
923 927
923 928
926 922
926 927
929 920
929 930
929 931
929 932
929 937
929 940
929 942
929 943
929 944
929 945
929 946
930 929
931 929
931 930
931 932
932 929
932 931
932 937
932 940
932 941
932 942
934 933
934 935
934 938
935 934
935 939
937 929
937 932
938 933
938 934
940 929
940 932
941 929
941 932
941 942
942 929
942 932
943 929
943 937
943 944
943 945
944 929
944 943
944 945
945 944
947 883
947 929
947 930
947 931
947 932
947 933
947 934
947 935
947 936
947 938
947 939
947 948
947 949
947 950
947 951
947 952
947 953
947 954
947 955
947 956
947 957
947 958
947 959
947 962
948 929
948 930
948 931
948 932
948 933
948 935
948 936
948 938
948 939
948 947
948 949
948 950
948 953
948 954
948 955
948 956
948 958
948 959
949 947
949 948
949 950
949 951
949 952
949 953
949 954
949 956
949 962
950 947
950 948
950 949
950 951
950 952
950 956
951 947
951 950
951 952
951 961
952 947
952 949
952 951
953 947
953 948
953 949
953 950
953 956
954 947
954 948
954 949
954 955
954 958
954 959
955 947
955 948
955 954
955 958
955 959
956 947
956 948
956 949
956 950
956 953
956 962
957 947
957 948
957 954
958 947
958 948
958 954
958 955
958 959
959 947
959 948
959 955
959 958
961 951
962 947
962 949
962 956
963 964
963 967
963 974
963 975
963 976
964 963
964 975
964 976
965 968
966 973
969 970
969 971
969 977
970 969
970 971
971 969
971 970
971 972
972 971
972 977
973 966
974 967
975 963
975 964
977 969
977 971
977 972
978 966
979 980
983 985
983 989
985 983
989 983
995 994
995 997
995 998
997 994
997 995
997 998
1001 1000
1001 1002
1002 1001
1006 996
1010 1015
1010 1017
1011 1008
1014 1023
1015 1010
1016 1010
1016 1015
1017 1016
1017 1018
1017 1019
1018 1016
1018 1017
1018 1019
1019 1018
1021 1008
1023 1014
