1 2
1 3
1 4
1 8
1 19
1 30
1 40
2 1
2 3
2 4
2 8
2 19
2 20
3 1
3 2
3 4
3 5
3 9
3 21
4 1
4 2
4 3
4 5
5 3
5 4
5 9
5 21
6 12
6 13
6 14
6 24
6 25
7 15
8 1
8 2
9 5
11 10
12 6
13 6
13 24
14 6
15 7
17 27
19 2
19 20
21 3
21 5
24 13
25 6
27 17
29 1
29 2
29 30
29 31
29 32
29 33
29 35
29 36
29 41
29 42
29 43
29 63
29 64
29 65
29 66
29 67
29 71
29 77
29 78
29 97
29 101
29 125
30 1
30 2
30 29
30 31
30 32
30 34
30 38
30 47
30 48
30 49
30 50
30 51
30 52
30 64
31 29
31 30
31 36
32 29
32 30
33 29
33 35
34 30
34 55
35 33
36 29
36 31
37 45
45 37
47 30
48 30
49 30
49 50
50 30
50 49
52 30
55 34
56 34
57 39
62 40
63 1
63 2
63 29
63 30
63 31
63 32
63 33
63 64
63 65
63 66
63 67
63 68
63 69
63 70
63 75
63 76
63 77
63 78
63 90
63 91
63 92
63 93
63 94
63 95
63 96
63 97
63 101
63 102
63 104
63 107
63 125
63 127
63 128
63 163
63 308
63 2018
64 30
64 63
64 65
64 66
64 67
64 68
64 69
64 72
64 73
64 74
64 83
64 84
64 85
64 104
64 107
64 125
65 63
65 64
65 72
65 79
65 80
65 104
65 107
66 63
66 64
66 67
66 70
66 88
66 89
67 63
67 64
67 66
67 70
67 90
68 63
68 64
68 69
68 74
68 83
68 84
69 63
69 68
69 85
70 63
70 66
70 67
71 63
71 77
71 97
71 98
72 64
72 65
73 64
74 64
74 68
74 83
74 84
75 63
76 63
77 63
77 71
78 63
80 65
81 82
82 81
83 64
83 68
83 74
84 64
84 68
84 74
85 64
85 69
86 87
87 86
88 66
89 66
90 63
90 67
91 63
93 63
94 63
95 63
96 63
97 63
97 71
98 71
100 1
100 2
100 3
100 29
100 30
100 31
100 32
100 63
100 64
100 65
100 66
100 67
100 68
100 69
100 70
100 71
100 101
100 102
100 103
100 104
100 105
100 106
100 107
100 108
100 109
100 110
100 111
100 112
100 113
100 114
100 115
100 116
100 117
100 118
100 125
100 126
100 127
100 128
100 129
100 130
100 131
100 132
100 133
100 134
100 137
100 140
100 141
100 142
100 143
100 144
100 145
100 157
100 158
100 161
100 163
100 164
100 165
100 167
100 168
100 169
100 170
100 171
100 208
100 244
100 284
100 307
100 308
100 309
100 369
100 522
100 557
100 592
100 593
100 738
100 739
100 846
100 875
100 1317
100 1562
100 1588
100 1642
100 1706
100 1829
100 1858
100 1914
100 1966
100 1967
100 1968
100 1996
100 2018
100 2019
101 1
101 29
101 30
101 63
101 64
101 65
101 66
101 67
101 68
101 100
101 102
101 103
101 104
101 105
101 106
101 107
101 109
101 110
101 111
101 112
101 116
101 117
101 118
101 119
101 120
101 121
101 122
101 123
101 125
101 126
101 127
101 128
101 129
101 130
101 131
101 163
101 308
101 2018
102 100
102 101
102 103
102 116
103 100
103 101
103 102
103 117
104 121
105 100
105 101
106 100
106 101
107 100
107 101
108 100
109 100
109 101
110 101
110 115
111 100
111 101
112 100
112 120
113 100
115 100
115 110
116 100
116 102
117 103
118 100
118 101
119 101
120 101
120 112
121 101
121 104
122 101
122 123
123 101
123 122
125 64
125 102
125 126
125 127
125 128
125 129
125 130
125 131
125 132
125 140
125 141
125 142
125 143
125 144
125 145
125 157
125 158
125 159
125 160
125 163
126 125
126 127
126 133
126 136
126 150
126 163
126 165
126 170
126 171
127 125
127 126
127 128
127 129
127 130
127 131
127 132
127 134
127 156
127 163
128 108
128 113
128 125
128 127
128 129
128 130
128 131
128 132
128 144
128 145
128 161
128 163
129 125
129 127
129 128
129 130
129 131
129 132
129 140
129 141
129 142
129 157
129 158
129 159
130 125
130 127
130 128
130 129
130 131
130 132
130 140
130 141
130 142
130 158
130 159
131 125
131 127
131 128
131 129
131 130
131 132
131 141
131 142
131 143
131 160
132 125
132 127
132 128
132 129
132 130
132 131
132 141
132 142
132 143
132 160
133 126
133 136
133 147
133 171
134 127
135 146
136 126
136 133
140 125
140 129
140 130
141 125
141 129
141 130
141 131
141 132
141 142
141 159
142 129
142 130
142 131
142 132
142 141
142 159
143 125
143 131
143 132
144 125
144 128
145 125
145 128
145 161
146 135
147 133
150 126
156 127
157 125
157 129
158 125
158 130
159 125
159 129
159 130
159 141
159 142
160 125
160 131
160 132
161 128
161 145
162 1
162 2
162 3
162 29
162 30
162 31
162 63
162 64
162 65
162 66
162 67
162 100
162 101
162 102
162 103
162 104
162 105
162 106
162 107
162 125
162 126
162 127
162 128
162 129
162 130
162 131
162 132
162 133
162 134
162 135
162 136
162 137
162 138
162 139
162 140
162 141
162 145
162 163
162 164
162 165
162 166
162 167
162 168
162 169
162 170
162 171
162 172
162 173
162 174
162 175
162 176
162 177
162 178
162 179
162 180
162 181
162 182
162 183
162 184
162 185
162 186
162 187
162 188
162 189
162 190
162 191
162 192
162 193
162 194
162 195
162 196
162 197
162 198
162 199
162 200
162 201
162 202
162 203
162 204
162 205
162 206
162 207
162 208
162 209
162 210
162 211
162 212
162 213
162 214
162 215
162 216
162 217
162 218
162 219
162 220
162 221
162 222
162 232
162 234
162 235
162 236
162 237
162 238
162 239
162 240
162 241
162 242
162 243
162 244
162 245
162 246
162 247
162 248
162 249
162 253
162 259
162 261
162 262
162 264
162 265
162 284
162 285
162 286
162 307
162 308
162 309
162 316
162 343
162 344
162 369
162 370
162 371
162 372
162 374
162 415
162 416
162 446
162 447
162 470
162 471
162 496
162 522
162 523
162 524
162 557
162 558
162 592
162 593
162 738
162 739
162 740
162 776
162 846
162 849
162 875
162 911
162 989
162 1317
162 1356
162 1461
162 1523
162 1524
162 1562
162 1588
162 1642
162 1675
162 1706
162 1829
162 1858
162 1859
162 1913
162 1914
162 1935
162 1966
162 1967
162 1968
162 1969
162 1996
162 2018
162 2019
163 126
163 128
163 133
163 135
163 136
163 146
163 147
163 162
163 165
163 167
163 168
163 169
163 170
163 171
163 207
164 162
164 174
164 196
164 197
165 162
165 163
165 167
165 168
165 169
165 170
165 171
165 204
165 205
165 206
166 162
166 179
166 180
167 162
167 163
167 165
167 178
167 203
168 162
168 163
168 165
168 167
169 162
169 163
169 165
169 170
170 162
170 163
170 165
170 169
170 171
170 207
171 133
171 135
171 146
171 162
171 163
171 165
171 170
171 207
172 162
173 162
173 186
174 162
174 164
174 196
176 162
176 177
177 162
177 176
178 162
178 167
179 162
179 166
180 162
180 166
181 162
182 162
183 162
184 185
185 162
185 184
186 162
186 173
187 162
188 162
190 191
191 162
191 190
192 162
194 162
195 162
196 162
196 164
196 174
197 164
200 162
200 201
201 162
202 162
203 162
203 167
205 162
205 165
206 162
207 162
207 163
207 170
207 171
208 212
208 221
208 239
208 240
209 210
209 216
210 209
210 217
210 218
210 229
211 234
212 208
213 243
215 209
216 209
217 210
217 229
218 210
218 217
219 220
220 219
221 208
224 225
225 224
226 227
227 226
229 210
229 217
234 211
235 236
236 235
239 208
240 208
243 213
244 245
244 246
244 247
244 248
244 258
244 259
244 260
244 272
245 244
245 253
245 268
246 244
246 260
246 273
247 244
247 248
247 258
248 244
248 247
248 258
249 264
250 251
251 250
253 245
254 255
255 254
255 256
258 244
258 247
258 248
259 244
259 271
260 244
260 246
262 263
262 281
263 262
268 245
271 244
271 259
273 246
276 277
277 276
279 278
279 280
280 279
284 286
284 293
285 288
285 291
286 284
286 289
286 292
286 301
288 285
288 291
289 286
289 292
289 300
291 285
291 288
292 286
292 289
292 301
293 284
300 289
301 292
305 304
307 29
307 63
307 101
307 125
307 163
307 208
307 244
307 245
307 284
307 286
307 287
307 288
307 308
307 309
307 310
307 311
307 312
307 313
307 314
307 315
307 316
307 317
307 318
307 319
307 320
307 321
307 322
307 323
307 324
307 325
307 326
307 332
307 333
307 334
307 335
307 336
307 337
307 338
307 339
307 340
307 341
307 344
307 345
307 347
307 348
307 369
307 370
307 371
307 372
307 374
307 415
307 416
307 522
307 524
307 557
307 593
307 739
307 1642
308 63
308 101
308 125
308 244
308 284
308 285
308 286
308 287
308 288
308 289
308 290
308 291
308 294
308 295
308 307
308 309
308 310
308 313
308 314
308 315
308 316
308 317
308 321
308 322
308 323
308 324
308 325
308 326
308 339
308 340
308 341
308 342
308 344
308 348
308 369
308 371
308 372
308 557
309 307
309 308
309 310
309 311
309 313
309 314
309 315
309 320
309 321
309 322
309 333
309 334
309 344
310 307
310 308
310 309
310 311
311 307
311 309
311 310
311 312
311 330
312 307
312 311
313 307
313 308
313 309
314 307
314 308
314 309
314 315
314 323
314 337
315 307
315 308
315 314
315 337
316 307
316 308
316 317
316 326
316 340
317 307
317 308
317 316
317 326
317 341
318 307
319 307
320 307
320 309
321 307
321 308
321 309
322 307
322 308
322 309
323 307
323 308
323 314
324 307
324 308
325 307
325 308
326 307
326 308
326 316
326 317
330 311
332 307
333 309
334 307
334 309
335 307
336 307
337 307
337 314
337 315
339 307
339 308
340 307
340 308
340 316
341 307
341 308
341 317
343 1
343 29
343 30
343 63
343 64
343 65
343 100
343 101
343 125
343 126
343 127
343 128
343 129
343 162
343 163
343 164
343 165
343 208
343 244
343 245
343 246
343 247
343 284
343 285
343 286
343 287
343 288
343 289
343 307
343 308
343 309
343 310
343 311
343 312
343 313
343 314
343 315
343 316
343 317
343 318
343 319
343 320
343 321
343 322
343 323
343 324
343 325
343 326
343 327
343 328
343 329
343 331
343 332
343 333
343 344
343 345
343 346
343 347
343 348
343 349
343 350
343 351
343 352
343 353
343 354
343 355
343 356
343 357
343 358
343 359
343 360
343 361
343 362
343 363
343 364
343 365
343 366
343 367
343 368
343 369
343 370
343 371
343 372
343 373
343 374
343 375
343 376
343 377
343 378
343 379
343 380
343 381
343 382
343 383
343 384
343 385
343 386
343 387
343 388
343 389
343 396
343 399
343 400
343 401
343 402
343 403
343 404
343 405
343 406
343 407
343 408
343 409
343 410
343 411
343 412
343 413
343 414
343 415
343 416
343 417
343 418
343 419
343 420
343 421
343 424
343 425
343 446
343 447
343 448
343 470
343 471
343 472
343 496
343 497
343 498
343 522
343 523
343 524
343 525
343 557
343 558
343 559
343 560
343 592
343 593
343 594
343 627
343 630
343 672
343 673
343 738
343 739
343 740
343 776
343 809
343 846
343 847
343 848
343 849
343 875
343 911
343 988
343 989
343 1151
343 1240
343 1317
343 1356
343 1461
343 1523
343 1524
343 1562
343 1588
343 1642
343 1675
343 1706
343 1829
343 1858
343 1859
343 1913
343 1914
343 1966
343 1967
343 1968
343 1996
343 2018
344 343
344 347
344 352
344 363
345 343
345 357
346 343
346 359
347 343
347 344
348 343
348 349
349 343
349 348
350 343
351 343
351 358
352 343
353 343
353 354
354 343
354 353
355 343
356 343
357 345
358 343
358 351
359 346
360 343
361 343
362 343
363 343
363 344
364 343
365 343
366 343
367 343
369 344
369 370
369 371
369 372
369 373
369 374
369 378
369 379
369 388
369 400
369 401
369 402
369 403
369 404
369 405
369 415
369 416
370 369
370 371
370 373
370 376
370 377
370 378
370 384
370 385
370 394
370 395
370 415
370 416
371 369
371 370
371 372
371 378
371 379
371 388
371 400
372 369
372 371
372 374
372 389
372 406
372 408
373 369
373 370
373 384
373 385
374 369
374 371
374 372
374 411
374 412
375 380
375 391
376 370
376 377
376 383
377 370
377 376
377 383
378 369
378 370
378 371
378 387
379 369
379 371
380 375
383 376
383 377
384 370
385 370
385 373
387 378
388 369
388 371
391 375
392 381
393 376
394 370
395 370
400 369
400 371
401 369
402 369
403 369
405 369
406 372
407 372
408 372
409 410
411 374
412 374
415 370
415 416
415 417
415 420
415 421
415 422
415 423
415 436
415 437
416 370
416 415
416 417
416 424
416 442
416 443
417 415
417 416
417 422
417 423
417 440
417 441
420 415
420 435
421 415
421 436
422 415
422 417
422 423
422 437
423 415
423 417
423 422
426 427
427 426
429 430
435 420
436 415
436 421
437 422
440 417
442 416
443 416
446 447
446 450
446 451
446 465
446 466
446 467
447 446
447 448
447 452
447 454
447 471
448 457
448 469
449 462
450 446
450 465
451 446
452 447
452 454
454 452
456 457
457 456
458 459
459 458
461 460
462 449
465 446
465 450
466 446
467 446
469 448
470 471
470 485
470 486
470 487
471 446
471 447
471 449
471 470
471 472
471 474
471 493
471 494
472 471
472 474
474 471
474 472
476 470
480 473
485 470
486 470
487 470
493 471
493 494
494 493
496 497
496 498
496 502
496 519
496 520
497 496
497 500
497 501
497 514
498 496
498 503
498 504
500 497
501 497
502 496
504 498
505 506
506 505
514 497
519 496
520 496
522 496
522 523
522 524
522 525
522 526
522 527
522 528
522 529
522 530
522 531
522 533
522 536
522 537
522 541
522 543
522 544
522 545
522 546
522 547
522 557
522 558
522 559
522 560
522 561
522 593
522 594
523 522
523 524
523 526
523 527
523 528
523 534
523 535
523 539
523 558
523 559
523 560
523 561
523 564
523 590
523 591
524 496
524 497
524 499
524 522
524 523
524 525
524 529
524 530
524 531
524 532
524 533
524 537
524 538
524 554
524 555
524 556
524 558
524 560
525 522
525 524
525 530
525 537
526 522
526 523
526 527
526 539
527 522
527 523
527 526
527 540
528 522
528 523
529 522
529 524
530 522
530 524
530 525
530 538
531 522
531 524
531 532
532 524
533 522
533 524
535 523
536 522
537 522
537 524
537 552
538 524
538 530
539 523
539 526
541 522
541 542
542 541
543 522
545 522
545 546
546 522
546 545
547 522
550 551
551 550
552 525
554 524
554 555
555 524
555 554
556 524
557 308
557 496
557 522
557 523
557 524
557 525
557 526
557 527
557 528
557 529
557 534
557 558
557 559
557 560
557 561
557 562
557 563
557 564
557 566
557 567
557 568
557 569
557 582
557 583
557 584
557 585
557 586
557 587
557 588
557 589
557 590
557 593
557 594
557 598
557 627
557 630
558 526
558 527
558 534
558 557
558 559
558 560
558 561
558 564
558 568
558 589
558 590
558 591
559 557
559 558
559 566
559 582
559 583
560 557
560 558
560 561
560 564
560 589
560 590
561 557
561 558
561 589
561 590
562 557
562 575
563 557
563 559
563 582
564 557
564 558
564 560
564 568
564 587
566 557
566 559
566 583
566 584
567 557
568 557
568 558
568 564
568 569
568 587
569 568
575 562
582 557
582 559
582 563
583 557
583 559
583 566
583 584
584 557
584 566
584 583
585 557
586 557
587 557
587 564
587 568
588 557
588 568
588 569
589 557
589 558
589 560
589 561
590 557
590 558
590 560
590 561
592 29
592 63
592 100
592 101
592 307
592 308
592 309
592 369
592 415
592 446
592 447
592 470
592 471
592 496
592 497
592 498
592 522
592 523
592 524
592 525
592 526
592 529
592 530
592 557
592 558
592 559
592 560
592 561
592 562
592 563
592 564
592 565
592 566
592 571
592 593
592 594
592 595
592 596
592 597
592 598
592 599
592 600
592 601
592 602
592 603
592 604
592 605
592 606
592 607
592 608
592 609
592 611
592 613
592 614
592 615
592 616
592 617
592 618
592 619
592 620
592 621
592 622
592 623
592 624
592 625
592 626
592 627
592 628
592 629
592 630
592 631
592 632
592 633
592 634
592 635
592 636
592 641
592 644
592 645
592 671
592 672
592 673
592 678
592 738
592 739
592 740
592 741
592 776
592 809
592 846
592 847
592 848
592 849
592 875
592 876
592 911
592 988
592 989
592 1317
592 1356
592 1562
592 1588
592 1642
592 1829
593 522
593 523
593 524
593 557
593 558
593 559
593 560
593 592
593 594
593 595
593 596
593 597
593 598
593 600
593 601
593 603
593 604
593 605
593 606
593 607
593 608
593 609
593 617
593 618
593 619
593 620
593 621
593 630
593 631
593 672
593 673
594 592
594 593
594 596
594 597
594 598
594 606
594 607
594 621
594 622
595 592
595 593
595 601
595 602
596 592
596 593
596 594
596 597
596 617
596 618
597 592
597 593
597 594
597 596
597 604
597 619
598 592
598 593
598 594
598 607
598 621
598 622
599 592
599 611
600 592
600 593
600 613
601 592
601 593
601 595
601 602
602 592
602 595
602 601
603 592
603 593
603 616
604 592
604 593
604 597
605 592
605 593
606 592
606 593
606 594
607 592
607 593
607 598
608 592
608 593
608 609
608 625
609 592
609 593
609 608
609 626
611 592
611 599
612 599
612 611
613 592
613 600
614 592
614 595
615 592
616 592
616 603
617 592
617 593
617 596
618 593
619 592
619 593
619 597
620 592
620 593
621 592
621 593
621 594
621 598
622 592
622 594
622 598
623 592
624 592
625 592
625 608
626 592
626 609
627 628
627 629
627 630
627 646
627 647
627 672
627 673
627 690
627 709
628 627
628 629
628 646
628 673
629 627
629 628
629 646
629 647
629 648
629 649
629 650
629 673
630 627
630 631
630 645
630 668
630 669
630 670
631 630
631 644
631 663
631 664
631 665
632 636
632 637
633 634
633 640
634 633
634 658
636 632
637 632
637 638
638 637
638 639
639 638
640 633
644 631
644 666
645 630
646 627
646 628
646 629
647 627
647 629
648 629
648 649
649 629
649 648
658 634
660 661
661 660
662 642
663 631
664 631
664 665
665 664
668 630
669 630
670 630
672 627
672 673
672 674
672 675
672 676
672 682
672 683
672 684
672 685
672 686
672 691
672 692
673 628
673 629
673 672
673 678
673 679
673 680
673 689
673 690
673 705
673 706
673 707
674 672
674 693
675 672
675 695
676 672
676 696
678 673
678 679
678 703
679 673
679 678
679 680
680 673
680 679
682 672
683 672
684 672
684 683
685 672
686 672
687 688
688 687
689 673
689 706
690 673
690 708
692 672
695 675
696 676
697 698
698 697
703 678
705 673
706 673
706 689
707 673
708 690
710 712
710 724
711 717
712 710
712 714
712 725
712 726
712 727
713 733
713 734
714 712
714 725
714 726
714 727
717 711
724 710
725 712
725 714
726 712
726 714
727 712
727 714
733 713
738 100
738 101
738 307
738 308
738 522
738 523
738 524
738 557
738 558
738 592
738 593
738 594
738 627
738 628
738 629
738 630
738 672
738 673
738 710
738 711
738 712
738 739
738 740
738 741
738 742
738 743
738 744
738 745
738 746
738 747
738 748
738 749
738 750
738 751
738 752
738 753
738 754
738 755
738 756
738 757
738 758
738 759
738 760
738 761
738 762
738 763
738 764
738 765
738 766
738 767
738 776
738 777
738 778
738 779
738 780
738 783
738 784
738 785
738 786
738 787
738 788
738 789
738 790
738 791
738 792
738 804
738 807
738 808
738 809
738 846
738 847
738 848
738 849
738 850
738 851
738 875
738 876
738 911
738 912
738 913
738 914
738 988
738 989
738 1317
738 1356
738 1562
738 1588
738 1642
738 1829
739 307
739 308
739 522
739 524
739 557
739 593
739 594
739 627
739 628
739 629
739 630
739 672
739 673
739 710
739 711
739 712
739 738
739 740
739 741
739 742
739 743
739 744
739 745
739 746
739 747
739 748
739 749
739 750
739 751
739 752
739 753
739 754
739 755
739 758
739 759
739 763
739 764
739 765
739 766
739 767
739 768
739 769
739 770
739 771
739 772
739 773
739 774
739 775
739 776
739 777
739 780
739 781
739 792
739 809
739 847
739 848
739 849
739 875
739 876
739 911
739 913
739 989
739 1317
739 1642
740 738
740 739
740 741
740 742
740 743
740 744
740 745
740 746
740 750
740 751
740 752
740 763
740 764
740 765
740 766
740 776
740 777
741 738
741 739
741 740
741 756
741 777
742 738
742 739
742 740
742 750
742 762
742 763
743 738
743 739
743 740
743 753
744 738
744 739
744 740
745 738
745 739
745 740
745 747
745 748
745 749
746 738
746 739
746 740
746 751
746 766
747 738
747 739
747 745
748 738
748 739
748 745
748 749
749 739
749 745
749 748
750 738
750 739
750 740
750 742
750 763
751 738
751 739
751 740
751 746
752 738
752 739
752 740
753 738
753 739
753 743
754 738
754 739
755 739
756 738
756 741
757 738
758 738
758 739
759 738
759 739
761 738
762 738
762 742
763 738
763 739
763 740
763 742
763 750
764 738
764 739
764 740
765 738
765 740
766 738
766 739
766 740
767 738
767 739
768 739
769 739
770 739
770 753
771 739
772 739
772 773
773 739
773 772
775 739
776 740
776 741
776 742
776 777
776 780
776 781
776 787
776 788
776 789
776 790
776 791
776 792
776 804
776 806
776 807
776 809
776 849
777 776
777 792
777 807
778 796
780 776
781 776
781 777
781 791
782 793
782 794
782 824
787 776
787 804
787 805
788 776
789 776
789 788
790 776
791 776
791 781
792 777
792 808
793 782
793 794
794 782
794 793
796 778
804 776
804 787
804 805
806 776
807 776
807 777
808 792
809 778
809 779
809 782
809 793
809 794
809 795
809 821
809 822
809 823
809 824
810 830
811 815
811 834
814 827
815 811
815 816
817 812
817 818
818 817
818 819
819 818
821 809
821 822
821 845
822 809
822 821
822 823
822 845
823 809
823 822
823 824
824 782
824 793
824 794
824 809
824 823
827 814
830 810
845 809
845 821
845 822
846 100
846 101
846 307
846 308
846 522
846 524
846 557
846 592
846 593
846 627
846 672
846 673
846 738
846 739
846 740
846 741
846 776
846 777
846 809
846 810
846 811
846 812
846 814
846 815
846 847
846 848
846 849
846 850
846 851
846 852
846 853
846 854
846 855
846 856
846 857
846 858
846 859
846 860
846 861
846 862
846 863
846 864
846 865
846 866
846 867
846 868
846 869
846 870
846 871
846 872
846 873
846 875
846 876
846 877
846 878
846 879
846 880
846 881
846 882
846 883
846 885
846 887
846 888
846 889
846 908
846 909
846 910
846 911
846 912
846 913
846 914
846 915
846 916
846 917
846 918
846 953
846 954
846 988
846 989
846 990
846 1091
846 1151
846 1317
846 1356
846 1562
846 1588
846 1642
846 1829
847 846
847 848
847 849
847 850
847 852
847 853
847 855
847 876
847 883
847 909
847 910
848 846
848 847
848 849
848 850
848 852
848 853
848 854
848 855
848 864
848 876
848 883
849 776
849 809
849 846
849 847
849 848
849 850
849 851
849 858
849 859
849 860
849 861
849 862
849 873
850 847
850 848
850 849
850 858
850 868
851 846
851 849
851 862
852 846
852 847
852 848
853 846
853 847
853 848
854 846
854 848
854 856
855 846
855 847
855 848
856 846
856 854
856 865
857 846
858 846
858 849
858 850
858 869
859 846
859 849
859 860
859 873
860 846
860 849
860 859
860 861
861 849
861 860
862 849
862 851
863 846
864 846
864 848
865 846
865 856
866 846
867 846
868 846
868 850
869 846
869 858
870 846
871 846
872 846
873 846
873 849
873 859
875 740
875 776
875 809
875 847
875 848
875 849
875 850
875 851
875 852
875 853
875 854
875 855
875 856
875 876
875 877
875 878
875 879
875 880
875 881
875 882
875 883
875 888
875 889
875 906
875 907
875 908
875 909
875 910
875 911
875 912
875 913
875 914
875 916
875 988
875 989
876 852
876 855
876 875
876 880
876 881
876 883
876 909
876 910
877 875
877 879
877 887
878 875
878 897
878 898
879 875
879 877
879 901
879 902
880 875
880 876
880 889
880 907
881 875
881 876
881 882
881 908
882 881
883 875
883 876
887 877
889 875
889 880
897 878
897 898
898 878
898 897
901 879
902 879
907 875
907 880
908 875
908 881
909 875
909 876
910 875
910 876
911 847
911 848
911 849
911 875
911 876
911 912
911 913
911 914
911 915
911 916
911 917
911 918
911 919
911 920
911 923
911 924
911 925
911 926
911 927
911 928
911 937
911 938
911 939
911 940
911 941
911 942
911 943
911 954
911 988
911 989
912 911
912 913
912 914
912 915
912 916
912 917
912 918
912 919
912 920
912 926
912 927
912 941
912 942
912 943
913 911
913 912
913 914
913 916
913 917
913 928
913 929
913 930
913 931
913 950
913 951
913 952
914 911
914 912
914 913
914 916
914 917
914 930
914 931
914 952
915 911
915 912
915 923
915 924
915 925
915 935
916 911
916 912
916 913
916 914
916 917
916 920
916 928
916 929
916 945
916 947
916 948
917 911
917 912
917 913
917 914
917 916
917 928
917 929
917 946
917 947
918 911
918 912
918 919
918 926
918 942
919 911
919 912
919 918
919 926
919 927
920 911
920 912
920 916
920 944
923 911
923 915
923 933
924 915
924 935
925 911
925 915
925 936
926 911
926 912
926 919
926 927
927 911
927 912
927 919
927 926
928 911
928 913
928 916
928 917
929 913
929 916
929 917
929 948
930 914
931 913
931 914
936 925
937 911
937 938
938 911
938 937
939 911
940 911
941 911
941 912
942 912
942 918
942 943
943 911
943 912
943 918
943 942
944 920
945 916
946 916
946 917
946 947
947 916
947 917
947 946
948 916
948 929
951 913
952 913
952 914
953 954
953 956
953 960
953 967
953 968
953 998
953 999
954 953
954 955
954 957
954 961
954 962
955 954
955 957
955 970
956 953
956 960
956 967
956 968
957 954
957 955
957 962
957 969
958 979
960 956
961 954
962 954
964 977
964 978
967 953
968 953
968 956
969 957
971 972
972 971
977 964
977 978
978 964
978 977
982 983
988 953
988 954
988 989
988 990
988 991
988 992
988 993
988 994
988 995
988 996
988 997
988 1000
988 1001
988 1002
988 1003
988 1011
988 1012
988 1037
989 912
989 953
989 954
989 955
989 956
989 957
989 960
989 961
989 967
989 988
989 990
989 991
989 992
989 996
989 998
989 999
989 1005
989 1020
989 1021
989 1022
989 1023
990 988
990 989
990 991
990 994
990 995
990 996
990 1000
990 1001
990 1002
990 1003
990 1012
991 988
991 989
991 990
991 992
991 996
991 997
991 1017
992 988
992 989
992 991
992 1019
993 988
993 1008
994 988
994 990
995 988
995 990
995 1001
996 988
996 989
996 991
996 997
996 1016
997 988
997 991
997 996
997 1016
998 989
998 1021
998 1022
999 989
1000 988
1001 988
1001 995
1002 988
1002 990
1002 1012
1002 1013
1003 988
1003 990
1004 991
1005 989
1008 993
1011 988
1012 988
1012 990
1012 1002
1012 1013
1013 1002
1013 1012
1014 1015
1015 1014
1016 996
1016 997
1017 991
1019 992
1020 989
1021 989
1021 998
1022 989
1022 998
1022 1021
1023 989
1024 1025
1024 1026
1024 1027
1024 1028
1024 1029
1024 1030
1024 1040
1024 1045
1024 1046
1025 1024
1025 1026
1025 1027
1025 1028
1025 1029
1025 1030
1025 1045
1025 1046
1026 1024
1026 1025
1026 1028
1026 1030
1026 1031
1026 1047
1026 1048
1027 1024
1027 1029
1027 1038
1027 1039
1027 1089
1028 1024
1028 1025
1028 1026
1028 1030
1028 1031
1029 1024
1029 1025
1029 1027
1030 1024
1030 1025
1030 1026
1030 1028
1031 1026
1031 1028
1032 1033
1032 1050
1032 1051
1033 1032
1033 1050
1033 1051
1035 1036
1035 1041
1036 1035
1036 1052
1037 1055
1037 1056
1038 1027
1039 1027
1039 1042
1040 1024
1040 1025
1041 1035
1042 1039
1045 1024
1046 1024
1046 1025
1047 1026
1050 1032
1051 1032
1051 1033
1052 1036
1055 1037
1056 1037
1057 1058
1057 1059
1057 1067
1057 1079
1057 1091
1058 1057
1058 1076
1058 1077
1058 1078
1059 1057
1059 1068
1067 1057
1069 1083
1070 1087
1076 1058
1077 1058
1078 1058
1079 1057
1083 1069
1085 1086
1086 1085
1087 1070
1090 1091
1090 1092
1090 1107
1091 1057
1091 1090
1091 1101
1091 1102
1092 1090
1092 1095
1092 1096
1092 1111
1094 1106
1095 1092
1096 1092
1097 1113
1102 1091
1106 1094
1107 1090
1111 1092
1112 1097
1112 1113
1113 1097
1113 1112
1116 1100
1119 1124
1119 1125
1119 1131
1119 1132
1119 1140
1120 1126
1120 1127
1120 1144
1121 1135
1123 1124
1124 1119
1124 1131
1125 1119
1125 1141
1126 1120
1126 1143
1127 1120
1128 1129
1129 1128
1131 1124
1131 1139
1132 1119
1135 1121
1137 1138
1138 1137
1139 1131
1140 1119
1141 1125
1143 1126
1144 1120
1148 1149
1149 1148
1150 1151
1150 1152
1150 1153
1150 1154
1150 1156
1150 1157
1150 1158
1150 1161
1150 1162
1150 1167
1150 1168
1150 1169
1150 1170
1150 1185
1150 1186
1151 1121
1151 1150
1151 1152
1151 1153
1151 1154
1151 1155
1151 1160
1151 1165
1151 1166
1151 1181
1151 1182
1151 1186
1152 1150
1152 1151
1152 1153
1152 1154
1152 1156
1152 1157
1152 1158
1152 1159
1152 1161
1152 1163
1152 1174
1152 1186
1153 1150
1153 1151
1153 1152
1153 1156
1154 1150
1154 1151
1154 1152
1154 1155
1154 1160
1154 1179
1154 1180
1155 1151
1155 1154
1156 1150
1156 1152
1156 1153
1157 1150
1157 1152
1157 1158
1158 1152
1158 1157
1159 1152
1160 1151
1160 1154
1161 1150
1161 1152
1161 1162
1161 1170
1161 1171
1162 1150
1162 1161
1162 1170
1162 1171
1163 1152
1163 1158
1169 1150
1170 1150
1170 1161
1170 1162
1170 1171
1171 1161
1171 1162
1171 1170
1174 1152
1179 1154
1181 1151
1182 1151
1184 1166
1185 1150
1185 1186
1185 1187
1185 1188
1185 1189
1185 1190
1185 1193
1185 1199
1185 1200
1185 1240
1186 1152
1186 1153
1186 1185
1186 1192
1186 1195
1186 1196
1186 1197
1186 1208
1187 1185
1188 1185
1188 1189
1189 1188
1189 1201
1190 1185
1192 1186
1193 1185
1193 1199
1195 1186
1195 1192
1196 1186
1196 1197
1197 1186
1197 1196
1199 1185
1199 1193
1200 1185
1201 1189
1208 1186
1211 1212
1211 1214
1211 1230
1211 1231
1212 1211
1212 1215
1212 1221
1214 1211
1215 1212
1215 1232
1217 1228
1218 1219
1219 1218
1221 1211
1221 1212
1223 1222
1228 1217
1230 1211
1230 1231
1231 1211
1231 1230
1232 1215
1240 1185
1240 1241
1240 1242
1240 1243
1240 1244
1240 1245
1240 1246
1240 1248
1240 1250
1240 1251
1240 1252
1240 1253
1240 1254
1240 1255
1240 1256
1240 1273
1240 1274
1240 1275
1240 1276
1240 1277
1240 1286
1241 1240
1241 1242
1241 1243
1241 1244
1241 1245
1241 1246
1241 1250
1241 1251
1241 1252
1241 1254
1241 1255
1241 1256
1241 1273
1241 1274
1241 1275
1241 1276
1241 1277
1241 1278
1241 1279
1242 1240
1242 1241
1242 1244
1242 1248
1242 1249
1243 1240
1243 1241
1243 1246
1243 1251
1243 1252
1243 1253
1243 1257
1243 1281
1243 1282
1243 1284
1244 1241
1244 1242
1244 1245
1244 1248
1244 1267
1244 1268
1245 1240
1245 1241
1245 1244
1245 1254
1245 1270
1245 1271
1245 1272
1246 1240
1246 1241
1246 1243
1246 1257
1247 1258
1247 1259
1248 1240
1248 1242
1248 1244
1248 1249
1248 1264
1249 1242
1249 1248
1250 1240
1250 1241
1250 1245
1250 1254
1250 1255
1251 1240
1251 1241
1251 1243
1251 1252
1251 1256
1251 1279
1252 1240
1252 1241
1252 1243
1252 1251
1252 1256
1253 1240
1253 1243
1253 1246
1254 1240
1254 1241
1254 1245
1254 1250
1255 1240
1255 1241
1255 1250
1255 1273
1256 1240
1256 1251
1256 1252
1256 1279
1257 1243
1257 1246
1259 1247
1264 1248
1267 1244
1267 1268
1268 1267
1270 1245
1271 1245
1272 1245
1273 1240
1273 1241
1273 1255
1274 1240
1274 1241
1275 1240
1275 1241
1276 1240
1276 1241
1277 1240
1279 1241
1279 1251
1279 1256
1281 1243
1282 1243
1283 1243
1284 1243
1284 1285
1285 1284
1286 1289
1286 1295
1286 1296
1286 1311
1287 1288
1287 1302
1287 1303
1288 1287
1288 1292
1288 1300
1289 1286
1289 1312
1290 1291
1291 1290
1292 1288
1294 1307
1295 1286
1295 1310
1296 1286
1296 1311
1298 1299
1300 1288
1302 1287
1303 1287
1307 1294
1310 1295
1311 1296
1312 1289
1313 1289
1317 1151
1317 1185
1317 1240
1317 1241
1317 1242
1317 1243
1317 1244
1317 1286
1317 1287
1317 1288
1317 1289
1317 1292
1317 1293
1317 1297
1317 1298
1317 1299
1317 1300
1317 1318
1317 1320
1317 1321
1317 1322
1317 1323
1317 1327
1317 1330
1317 1331
1317 1332
1317 1333
1317 1334
1317 1351
1317 1353
1317 1354
1317 1355
1317 1356
1317 1361
1317 1382
1317 1383
1317 1461
1318 1317
1318 1319
1318 1320
1318 1342
1319 1318
1320 1317
1320 1318
1320 1321
1320 1322
1320 1325
1320 1345
1320 1346
1321 1317
1321 1320
1321 1322
1321 1325
1321 1345
1321 1346
1322 1317
1322 1320
1322 1321
1322 1347
1323 1317
1323 1350
1325 1320
1325 1321
1325 1345
1325 1346
1327 1317
1327 1328
1329 1323
1330 1317
1331 1317
1332 1317
1333 1317
1333 1354
1334 1317
1342 1318
1345 1320
1345 1321
1345 1325
1346 1320
1346 1321
1346 1325
1347 1322
1350 1323
1351 1317
1354 1317
1354 1333
1355 1317
1356 1240
1356 1317
1356 1318
1356 1357
1356 1358
1356 1359
1356 1360
1356 1361
1356 1362
1356 1363
1356 1364
1356 1365
1356 1368
1356 1369
1356 1377
1356 1378
1356 1379
1356 1382
1356 1383
1356 1384
1356 1461
1357 1371
1357 1391
1358 1359
1358 1360
1358 1362
1358 1366
1358 1367
1358 1373
1358 1374
1359 1356
1359 1358
1359 1362
1359 1367
1359 1374
1360 1356
1360 1358
1360 1363
1361 1356
1361 1369
1362 1356
1362 1358
1362 1359
1363 1356
1363 1360
1363 1368
1364 1356
1365 1356
1365 1370
1365 1381
1367 1358
1367 1359
1368 1356
1368 1363
1369 1356
1369 1361
1370 1365
1371 1357
1373 1358
1374 1358
1378 1356
1379 1356
1381 1365
1382 1383
1382 1384
1382 1385
1382 1386
1382 1387
1382 1389
1382 1395
1382 1396
1382 1407
1383 1357
1383 1358
1383 1359
1383 1384
1383 1390
1383 1391
1383 1403
1383 1404
1384 1383
1384 1390
1384 1403
1384 1404
1385 1382
1386 1382
1386 1387
1386 1396
1386 1397
1387 1382
1387 1386
1387 1396
1387 1397
1389 1398
1390 1383
1390 1384
1395 1382
1396 1382
1396 1387
1397 1382
1397 1387
1398 1389
1403 1383
1403 1384
1404 1383
1404 1384
1405 1406
1405 1436
1406 1405
1406 1420
1406 1421
1407 1408
1407 1410
1407 1411
1407 1417
1407 1418
1407 1427
1408 1407
1409 1424
1409 1425
1410 1407
1410 1411
1411 1407
1411 1410
1417 1407
1417 1426
1418 1407
1420 1406
1421 1406
1424 1409
1425 1409
1426 1417
1427 1407
1430 1
1430 2
1430 3
1430 29
1430 30
1430 63
1430 64
1430 65
1430 100
1430 101
1430 102
1430 125
1430 126
1430 127
1430 128
1430 129
1430 162
1430 163
1430 208
1430 244
1430 284
1430 307
1430 308
1430 309
1430 343
1430 344
1430 369
1430 370
1430 371
1430 372
1430 415
1430 416
1430 446
1430 447
1430 470
1430 471
1430 496
1430 522
1430 523
1430 524
1430 557
1430 558
1430 560
1430 592
1430 593
1430 594
1430 627
1430 628
1430 629
1430 630
1430 672
1430 673
1430 738
1430 739
1430 740
1430 741
1430 776
1430 777
1430 809
1430 846
1430 847
1430 848
1430 849
1430 850
1430 851
1430 875
1430 876
1430 911
1430 912
1430 913
1430 914
1430 915
1430 916
1430 953
1430 954
1430 955
1430 988
1430 989
1430 990
1430 991
1430 992
1430 1024
1430 1025
1430 1026
1430 1027
1430 1028
1430 1057
1430 1058
1430 1090
1430 1091
1430 1092
1430 1119
1430 1120
1430 1123
1430 1150
1430 1151
1430 1152
1430 1153
1430 1154
1430 1155
1430 1156
1430 1185
1430 1186
1430 1187
1430 1188
1430 1190
1430 1191
1430 1192
1430 1211
1430 1212
1430 1213
1430 1214
1430 1215
1430 1240
1430 1241
1430 1242
1430 1243
1430 1244
1430 1245
1430 1246
1430 1247
1430 1248
1430 1249
1430 1250
1430 1251
1430 1252
1430 1253
1430 1254
1430 1286
1430 1287
1430 1288
1430 1289
1430 1290
1430 1291
1430 1292
1430 1293
1430 1317
1430 1318
1430 1319
1430 1320
1430 1321
1430 1322
1430 1323
1430 1324
1430 1325
1430 1326
1430 1327
1430 1329
1430 1330
1430 1331
1430 1332
1430 1333
1430 1334
1430 1356
1430 1357
1430 1358
1430 1359
1430 1360
1430 1361
1430 1362
1430 1363
1430 1364
1430 1365
1430 1366
1430 1367
1430 1368
1430 1369
1430 1370
1430 1371
1430 1372
1430 1373
1430 1375
1430 1377
1430 1382
1430 1383
1430 1384
1430 1385
1430 1386
1430 1387
1430 1388
1430 1389
1430 1390
1430 1391
1430 1392
1430 1393
1430 1394
1430 1395
1430 1396
1430 1397
1430 1398
1430 1399
1430 1400
1430 1401
1430 1402
1430 1403
1430 1404
1430 1405
1430 1406
1430 1407
1430 1408
1430 1409
1430 1410
1430 1411
1430 1412
1430 1413
1430 1414
1430 1415
1430 1416
1430 1417
1430 1418
1430 1419
1430 1420
1430 1421
1430 1422
1430 1423
1430 1424
1430 1425
1430 1426
1430 1427
1430 1428
1430 1429
1430 1431
1430 1432
1430 1433
1430 1434
1430 1435
1430 1436
1430 1437
1430 1438
1430 1439
1430 1440
1430 1441
1430 1442
1430 1443
1430 1444
1430 1445
1430 1446
1430 1447
1430 1448
1430 1449
1430 1450
1430 1451
1430 1452
1430 1453
1430 1454
1430 1455
1430 1456
1430 1457
1430 1458
1430 1459
1430 1460
1430 1461
1430 1462
1430 1463
1430 1464
1430 1465
1430 1466
1430 1467
1430 1468
1430 1469
1430 1470
1430 1471
1430 1472
1430 1473
1430 1474
1430 1475
1430 1476
1430 1477
1430 1478
1430 1479
1430 1480
1430 1481
1430 1482
1430 1483
1430 1484
1430 1485
1430 1486
1430 1487
1430 1488
1430 1489
1430 1490
1430 1491
1430 1492
1430 1493
1430 1494
1430 1495
1430 1496
1430 1497
1430 1498
1430 1499
1430 1500
1430 1501
1430 1502
1430 1503
1430 1504
1430 1505
1430 1510
1430 1511
1430 1512
1430 1513
1430 1514
1430 1515
1430 1518
1430 1519
1430 1522
1430 1523
1430 1524
1430 1525
1430 1526
1430 1527
1430 1528
1430 1531
1430 1532
1430 1533
1430 1534
1430 1535
1430 1536
1430 1562
1430 1563
1430 1564
1430 1565
1430 1566
1430 1567
1430 1568
1430 1569
1430 1570
1430 1574
1430 1575
1430 1576
1430 1588
1430 1589
1430 1590
1430 1591
1430 1592
1430 1593
1430 1594
1430 1614
1430 1615
1430 1616
1430 1617
1430 1618
1430 1619
1430 1628
1430 1642
1430 1643
1430 1644
1430 1645
1430 1646
1430 1675
1430 1676
1430 1677
1430 1678
1430 1679
1430 1684
1430 1706
1430 1707
1430 1708
1430 1709
1430 1710
1430 1711
1430 1712
1430 1713
1430 1714
1430 1716
1430 1717
1430 1719
1430 1746
1430 1747
1430 1750
1430 1773
1430 1774
1430 1804
1430 1805
1430 1829
1430 1830
1430 1832
1430 1833
1430 1858
1430 1859
1430 1861
1430 1891
1430 1892
1430 1913
1430 1914
1430 1915
1430 1935
1430 1966
1430 1967
1430 1968
1430 1969
1430 1970
1430 1996
1430 1997
1430 2018
1430 2019
1431 1405
1431 1406
1431 1430
1431 1432
1431 1433
1431 1434
1431 1438
1431 1439
1431 1440
1431 1441
1431 1442
1431 1456
1432 1430
1432 1431
1432 1437
1432 1450
1432 1452
1433 1430
1433 1431
1433 1443
1434 1430
1434 1431
1434 1433
1434 1443
1435 1430
1435 1447
1435 1448
1436 1430
1436 1446
1437 1430
1437 1432
1437 1450
1438 1430
1438 1431
1438 1439
1439 1430
1439 1431
1439 1438
1440 1430
1440 1431
1441 1431
1442 1431
1443 1430
1443 1434
1444 1430
1445 1430
1446 1430
1446 1436
1447 1430
1447 1435
1447 1448
1448 1430
1448 1435
1448 1447
1449 1430
1450 1430
1450 1432
1450 1437
1451 1430
1451 1432
1452 1432
1453 1430
1454 1430
1455 1430
1456 1430
1456 1431
1457 1430
1459 1430
1460 1430
1461 1317
1461 1356
1461 1431
1461 1462
1461 1463
1461 1464
1461 1465
1461 1466
1461 1467
1461 1468
1461 1478
1461 1479
1461 1480
1461 1493
1461 1495
1461 1524
1461 1525
1462 1461
1462 1466
1462 1477
1463 1461
1466 1462
1467 1461
1468 1483
1468 1484
1470 1491
1471 1472
1472 1471
1477 1462
1478 1461
1480 1461
1482 1463
1483 1468
1484 1468
1491 1470
1493 1495
1493 1503
1493 1514
1493 1515
1493 1516
1493 1517
1494 1497
1494 1501
1494 1510
1495 1493
1495 1503
1497 1494
1497 1511
1499 1496
1499 1509
1501 1494
1503 1493
1503 1495
1504 1505
1504 1519
1505 1504
1509 1496
1509 1499
1511 1497
1514 1493
1515 1493
1516 1493
1517 1493
1519 1504
1519 1520
1520 1519
1523 1
1523 29
1523 30
1523 63
1523 64
1523 100
1523 101
1523 125
1523 162
1523 307
1523 308
1523 309
1523 343
1523 369
1523 522
1523 524
1523 557
1523 592
1523 593
1523 738
1523 739
1523 740
1523 776
1523 846
1523 847
1523 848
1523 849
1523 875
1523 911
1523 913
1523 988
1523 989
1523 1091
1523 1150
1523 1151
1523 1152
1523 1185
1523 1186
1523 1240
1523 1241
1523 1242
1523 1243
1523 1286
1523 1317
1523 1318
1523 1356
1523 1357
1523 1358
1523 1360
1523 1361
1523 1382
1523 1383
1523 1384
1523 1405
1523 1406
1523 1407
1523 1408
1523 1409
1523 1410
1523 1431
1523 1432
1523 1433
1523 1434
1523 1435
1523 1436
1523 1437
1523 1438
1523 1461
1523 1462
1523 1463
1523 1464
1523 1465
1523 1466
1523 1467
1523 1468
1523 1469
1523 1470
1523 1478
1523 1493
1523 1494
1523 1495
1523 1496
1523 1497
1523 1498
1523 1499
1523 1500
1523 1501
1523 1502
1523 1503
1523 1504
1523 1505
1523 1506
1523 1507
1523 1508
1523 1509
1523 1510
1523 1511
1523 1512
1523 1513
1523 1514
1523 1515
1523 1516
1523 1517
1523 1518
1523 1519
1523 1524
1523 1525
1523 1526
1523 1527
1523 1528
1523 1529
1523 1530
1523 1531
1523 1532
1523 1533
1523 1534
1523 1535
1523 1536
1523 1537
1523 1538
1523 1539
1523 1540
1523 1541
1523 1542
1523 1543
1523 1544
1523 1545
1523 1546
1523 1547
1523 1548
1523 1549
1523 1550
1523 1551
1523 1552
1523 1553
1523 1554
1523 1555
1523 1556
1523 1557
1523 1558
1523 1559
1523 1560
1523 1561
1523 1562
1523 1563
1523 1564
1523 1565
1523 1566
1523 1567
1523 1568
1523 1569
1523 1570
1523 1571
1523 1572
1523 1573
1523 1574
1523 1575
1523 1576
1523 1577
1523 1578
1523 1584
1523 1586
1523 1587
1523 1588
1523 1589
1523 1590
1523 1591
1523 1592
1523 1593
1523 1594
1523 1614
1523 1615
1523 1616
1523 1617
1523 1619
1523 1642
1523 1643
1523 1644
1523 1645
1523 1646
1523 1675
1523 1676
1523 1677
1523 1678
1523 1679
1523 1706
1523 1707
1523 1710
1523 1712
1523 1829
1523 1830
1523 1858
1523 1859
1523 1913
1523 1914
1523 1935
1523 1966
1523 1967
1523 1968
1523 1996
1523 2018
1524 1461
1524 1523
1524 1525
1524 1526
1524 1529
1524 1531
1524 1537
1524 1538
1524 1539
1524 1540
1524 1563
1524 1564
1524 1568
1524 1569
1524 1586
1524 1587
1525 1523
1525 1524
1525 1527
1525 1528
1525 1536
1525 1554
1525 1555
1525 1556
1525 1557
1525 1558
1525 1559
1526 1523
1526 1524
1526 1532
1526 1542
1527 1523
1527 1525
1527 1555
1527 1556
1528 1523
1528 1525
1528 1559
1529 1523
1529 1524
1529 1530
1530 1524
1530 1529
1531 1523
1532 1523
1532 1526
1532 1542
1533 1523
1534 1523
1536 1523
1536 1525
1537 1523
1537 1524
1537 1538
1538 1524
1539 1523
1539 1524
1540 1523
1540 1524
1541 1523
1542 1523
1542 1526
1542 1532
1543 1523
1543 1544
1544 1523
1545 1523
1546 1523
1547 1523
1548 1523
1550 1523
1551 1523
1552 1523
1553 1523
1555 1523
1555 1525
1555 1527
1556 1523
1556 1525
1556 1527
1557 1523
1557 1525
1558 1523
1558 1525
1559 1523
1559 1525
1559 1528
1560 1523
1561 1523
1562 1317
1562 1356
1562 1431
1562 1461
1562 1493
1562 1524
1562 1525
1562 1563
1562 1564
1562 1565
1562 1566
1562 1567
1562 1568
1562 1569
1562 1570
1562 1571
1562 1572
1562 1573
1562 1574
1562 1575
1562 1576
1562 1579
1562 1580
1562 1581
1562 1582
1562 1583
1562 1589
1562 1591
1562 1592
1562 1593
1562 1594
1562 1614
1562 1615
1562 1616
1562 1617
1562 1642
1562 1643
1562 1675
1562 1706
1562 1829
1563 1562
1563 1564
1563 1565
1563 1566
1563 1567
1563 1568
1563 1570
1563 1573
1563 1580
1564 1562
1564 1563
1564 1565
1564 1566
1564 1567
1564 1568
1564 1570
1564 1574
1564 1581
1564 1582
1565 1562
1565 1563
1565 1564
1565 1566
1565 1567
1565 1571
1565 1572
1565 1573
1566 1562
1566 1563
1566 1564
1566 1565
1566 1567
1566 1570
1566 1573
1566 1580
1567 1562
1567 1563
1567 1564
1567 1565
1567 1566
1567 1570
1568 1562
1568 1563
1568 1564
1568 1575
1569 1529
1569 1530
1569 1562
1569 1587
1570 1562
1570 1563
1570 1564
1570 1566
1570 1567
1571 1565
1572 1562
1572 1565
1573 1562
1573 1563
1573 1565
1573 1566
1574 1562
1574 1564
1575 1562
1575 1568
1576 1562
1576 1584
1580 1562
1580 1563
1580 1566
1581 1562
1581 1564
1582 1562
1582 1564
1583 1562
1587 1569
1588 29
1588 63
1588 100
1588 101
1588 307
1588 308
1588 522
1588 557
1588 592
1588 593
1588 738
1588 739
1588 846
1588 875
1588 911
1588 989
1588 1151
1588 1240
1588 1241
1588 1317
1588 1356
1588 1382
1588 1383
1588 1405
1588 1406
1588 1431
1588 1433
1588 1461
1588 1462
1588 1493
1588 1494
1588 1495
1588 1524
1588 1525
1588 1526
1588 1527
1588 1528
1588 1531
1588 1562
1588 1563
1588 1564
1588 1565
1588 1566
1588 1567
1588 1568
1588 1569
1588 1570
1588 1571
1588 1572
1588 1573
1588 1574
1588 1575
1588 1576
1588 1577
1588 1578
1588 1579
1588 1580
1588 1581
1588 1582
1588 1583
1588 1584
1588 1589
1588 1590
1588 1591
1588 1592
1588 1593
1588 1594
1588 1595
1588 1596
1588 1598
1588 1600
1588 1601
1588 1602
1588 1603
1588 1604
1588 1606
1588 1607
1588 1608
1588 1609
1588 1610
1588 1611
1588 1612
1588 1613
1588 1614
1588 1615
1588 1616
1588 1617
1588 1618
1588 1619
1588 1624
1588 1628
1588 1629
1588 1630
1588 1642
1588 1643
1588 1644
1588 1645
1588 1646
1588 1675
1588 1676
1588 1677
1588 1678
1588 1679
1588 1706
1588 1707
1588 1829
1588 1858
1588 1859
1588 1913
1588 1914
1588 1967
1588 1968
1588 1996
1588 2018
1589 1588
1589 1590
1589 1600
1589 1601
1590 1588
1590 1589
1590 1602
1591 1588
1591 1606
1592 1588
1592 1593
1593 1592
1594 1588
1598 1588
1600 1588
1600 1589
1601 1588
1601 1589
1602 1588
1602 1590
1603 1588
1604 1588
1606 1588
1606 1591
1607 1588
1608 1588
1609 1588
1610 1588
1611 1588
1612 1588
1613 1594
1614 1615
1614 1618
1614 1620
1614 1621
1614 1631
1614 1632
1614 1643
1614 1644
1614 1645
1614 1646
1614 1674
1614 1675
1615 1614
1615 1616
1616 1617
1616 1640
1617 1616
1617 1628
1617 1629
1618 1614
1618 1621
1619 1615
1620 1614
1621 1614
1621 1618
1624 1625
1625 1624
1627 1638
1628 1617
1628 1641
1629 1617
1631 1614
1632 1614
1634 1635
1640 1616
1642 307
1642 739
1642 1317
1642 1356
1642 1461
1642 1524
1642 1525
1642 1562
1642 1563
1642 1564
1642 1614
1642 1615
1642 1616
1642 1617
1642 1618
1642 1619
1642 1620
1642 1621
1642 1622
1642 1624
1642 1643
1642 1644
1642 1645
1642 1646
1642 1648
1642 1649
1642 1650
1642 1651
1642 1652
1642 1653
1642 1654
1642 1663
1642 1666
1642 1667
1642 1668
1642 1669
1642 1670
1642 1671
1642 1672
1642 1673
1642 1674
1642 1675
1642 1676
1642 1677
1642 1678
1642 1679
1642 1684
1642 1686
1642 1691
1642 1706
1642 1707
1642 1829
1642 1858
1643 1614
1643 1642
1643 1647
1643 1655
1643 1656
1643 1657
1643 1658
1643 1675
1643 1677
1643 1678
1643 1679
1643 1691
1644 1642
1644 1645
1644 1646
1644 1653
1644 1654
1644 1673
1645 1642
1645 1644
1645 1654
1646 1642
1646 1644
1646 1653
1646 1672
1647 1643
1648 1642
1649 1642
1649 1663
1650 1642
1650 1666
1651 1642
1652 1642
1652 1671
1653 1642
1653 1644
1653 1646
1654 1644
1654 1673
1655 1643
1656 1643
1657 1643
1658 1643
1663 1642
1663 1649
1666 1642
1666 1650
1667 1642
1668 1642
1669 1642
1670 1642
1671 1642
1671 1652
1672 1642
1672 1646
1673 1642
1673 1644
1673 1654
1674 1642
1675 1614
1675 1643
1675 1644
1675 1647
1675 1655
1675 1656
1675 1676
1675 1677
1675 1678
1675 1679
1675 1684
1675 1685
1675 1686
1675 1691
1675 1700
1675 1703
1675 1704
1675 1705
1675 1707
1676 1675
1676 1684
1677 1675
1677 1678
1677 1679
1677 1686
1677 1698
1677 1699
1677 1700
1677 1701
1678 1675
1678 1677
1678 1679
1678 1686
1678 1700
1679 1675
1679 1677
1679 1678
1679 1703
1681 1682
1681 1695
1682 1681
1682 1683
1683 1682
1683 1689
1684 1675
1685 1675
1686 1675
1686 1677
1686 1678
1686 1698
1686 1699
1689 1683
1689 1696
1691 1675
1691 1705
1695 1681
1696 1689
1698 1677
1699 1677
1699 1686
1700 1677
1700 1678
1700 1701
1701 1677
1701 1700
1703 1675
1703 1679
1704 1675
1705 1675
1705 1691
1706 1643
1706 1675
1706 1676
1706 1707
1706 1708
1706 1709
1706 1710
1706 1711
1706 1712
1706 1713
1706 1714
1706 1715
1706 1716
1706 1717
1706 1718
1706 1719
1706 1720
1706 1722
1706 1723
1706 1731
1706 1732
1706 1733
1706 1734
1706 1735
1706 1753
1706 1829
1706 1858
1707 1706
1707 1713
1707 1716
1707 1717
1707 1718
1707 1735
1707 1736
1707 1737
1708 1706
1708 1709
1708 1753
1708 1772
1709 1706
1709 1708
1709 1725
1709 1753
1710 1706
1710 1711
1710 1714
1710 1729
1710 1730
1711 1706
1711 1710
1711 1714
1711 1715
1711 1731
1711 1732
1711 1733
1712 1706
1712 1707
1712 1713
1712 1716
1712 1734
1713 1706
1713 1707
1713 1712
1713 1716
1714 1706
1714 1710
1714 1711
1715 1706
1715 1711
1716 1706
1716 1707
1716 1712
1716 1713
1716 1735
1717 1706
1717 1718
1717 1723
1717 1739
1718 1706
1718 1707
1718 1717
1718 1723
1719 1706
1719 1724
1719 1745
1720 1706
1720 1721
1720 1727
1721 1720
1721 1727
1721 1728
1722 1706
1723 1706
1723 1717
1723 1718
1723 1740
1724 1719
1725 1709
1727 1720
1727 1721
1727 1728
1728 1721
1728 1727
1729 1710
1729 1730
1730 1729
1731 1706
1731 1711
1732 1706
1732 1711
1733 1706
1733 1711
1734 1712
1735 1706
1735 1707
1735 1713
1735 1716
1737 1707
1739 1717
1740 1723
1742 1743
1743 1742
1745 1719
1746 1747
1746 1761
1747 1746
1747 1748
1748 1747
1749 1762
1750 1759
1751 1769
1752 1760
1754 1788
1755 1747
1757 1763
1759 1750
1760 1752
1761 1746
1762 1749
1763 1757
1764 1758
1769 1751
1773 1775
1773 1780
1773 1781
1773 1782
1774 1785
1774 1786
1774 1801
1774 1802
1775 1773
1775 1792
1776 1777
1776 1778
1776 1784
1777 1776
1777 1778
1777 1784
1778 1776
1778 1777
1779 1789
1779 1790
1779 1791
1780 1773
1781 1773
1784 1776
1784 1777
1785 1774
1786 1774
1787 1788
1787 1803
1788 1754
1788 1787
1789 1779
1790 1779
1791 1779
1793 1794
1794 1793
1799 1778
1801 1774
1802 1774
1803 1787
1804 1805
1805 1822
1805 1823
1806 1819
1809 1808
1811 1820
1812 1821
1813 1804
1819 1806
1820 1811
1821 1812
1822 1805
1823 1805
1829 1675
1829 1706
1829 1773
1829 1804
1829 1805
1829 1806
1829 1807
1829 1808
1829 1809
1829 1810
1829 1811
1829 1817
1829 1818
1829 1830
1829 1831
1829 1832
1829 1833
1829 1834
1829 1835
1829 1854
1829 1855
1829 1856
1829 1857
1829 1858
1829 1859
1829 1861
1829 1862
1829 1914
1830 1829
1830 1831
1830 1834
1830 1836
1830 1837
1830 1844
1830 1845
1830 1846
1831 1829
1831 1830
1831 1840
1831 1862
1832 1829
1832 1839
1832 1851
1833 1829
1834 1829
1834 1830
1835 1829
1835 1850
1837 1830
1837 1846
1839 1832
1840 1831
1841 1842
1842 1841
1844 1830
1845 1830
1846 1830
1846 1837
1850 1835
1851 1832
1854 1829
1855 1829
1856 1829
1858 1706
1858 1829
1858 1830
1858 1831
1858 1832
1858 1859
1858 1860
1858 1861
1858 1862
1858 1864
1858 1865
1858 1866
1858 1867
1858 1868
1858 1869
1858 1880
1858 1881
1858 1882
1858 1883
1858 1884
1858 1885
1858 1891
1858 1892
1858 1913
1858 1914
1859 1830
1859 1831
1859 1858
1859 1861
1859 1862
1859 1864
1859 1865
1859 1866
1859 1867
1859 1884
1859 1892
1859 1914
1860 1858
1860 1892
1860 1901
1861 1858
1861 1859
1861 1862
1861 1886
1861 1887
1862 1858
1862 1859
1862 1861
1862 1889
1864 1858
1864 1859
1865 1859
1866 1858
1866 1859
1867 1858
1867 1859
1868 1858
1868 1869
1868 1885
1869 1858
1869 1868
1869 1885
1871 1872
1872 1871
1880 1858
1882 1858
1883 1858
1884 1858
1884 1859
1885 1858
1885 1868
1885 1869
1886 1861
1887 1861
1889 1862
1891 1895
1891 1899
1891 1903
1892 1860
1892 1901
1893 1894
1894 1893
1895 1891
1896 1900
1898 1902
1899 1891
1899 1903
1900 1896
1901 1892
1902 1898
1903 1891
1903 1899
1907 1908
1908 1907
1913 1914
1913 1916
1913 1917
1913 1919
1913 1925
1913 1935
1913 1967
1913 1968
1914 1859
1914 1891
1914 1913
1914 1915
1914 1918
1914 1920
1914 1921
1914 1922
1914 1931
1914 1932
1914 1935
1914 1967
1915 1914
1915 1918
1915 1921
1915 1931
1916 1913
1916 1919
1917 1913
1917 1925
1918 1914
1918 1915
1918 1922
1918 1932
1919 1913
1919 1916
1920 1914
1921 1914
1921 1915
1922 1914
1922 1918
1922 1932
1925 1913
1925 1917
1931 1914
1931 1915
1932 1914
1932 1918
1932 1922
1933 1934
1935 1939
1935 1940
1935 1947
1935 1948
1935 1949
1935 1950
1935 1962
1936 1937
1937 1936
1937 1953
1939 1935
1939 1940
1940 1935
1940 1939
1940 1947
1941 1942
1942 1941
1943 1956
1944 1945
1947 1935
1947 1940
1947 1948
1948 1935
1948 1947
1948 1962
1949 1935
1949 1950
1950 1935
1950 1949
1951 1963
1953 1937
1956 1943
1962 1935
1962 1948
1963 1951
1966 1967
1966 1968
1966 1969
1966 1971
1966 1977
1966 1996
1966 1997
1966 1998
1966 2007
1966 2008
1966 2017
1967 1913
1967 1914
1967 1935
1967 1936
1967 1966
1967 1968
1967 1969
1967 1970
1967 1971
1967 1972
1967 1973
1967 1974
1967 1975
1967 1979
1967 1980
1967 1981
1967 1982
1967 1988
1967 1989
1967 1990
1967 1991
1967 1996
1968 1913
1968 1935
1968 1936
1968 1966
1968 1967
1968 1970
1968 1974
1968 1975
1968 1976
1968 1982
1968 1992
1968 1993
1968 1994
1968 1996
1969 1966
1969 1967
1969 1968
1969 1970
1969 1974
1969 1980
1969 1981
1969 1988
1969 1989
1970 1967
1970 1968
1970 1969
1970 1974
1970 1975
1970 1992
1971 1966
1971 1967
1971 1978
1971 1984
1972 1967
1972 1973
1973 1967
1973 1972
1974 1967
1974 1968
1974 1969
1974 1970
1974 1982
1975 1967
1975 1968
1975 1970
1975 1976
1975 1994
1976 1968
1976 1975
1977 1966
1979 1967
1980 1967
1980 1969
1980 1988
1981 1967
1981 1969
1982 1967
1982 1968
1982 1974
1983 1971
1983 1984
1984 1971
1984 1983
1988 1967
1988 1980
1989 1967
1989 1969
1990 1967
1991 1967
1992 1968
1992 1970
1992 1993
1993 1968
1993 1992
1994 1968
1994 1975
1995 1976
1996 1966
1996 1967
1996 1968
1996 1969
1996 1997
1996 2001
1996 2005
1996 2012
1996 2013
1997 1996
1997 2001
1997 2012
1998 1996
1998 2006
1998 2016
1999 2000
2001 1996
2006 1998
2007 2008
2008 2007
2008 2017
2012 1996
2012 1997
2013 1996
2017 2007
2017 2008
2018 1
2018 2
2018 6
2018 7
2018 16
2018 17
2018 28
2018 29
2018 30
2018 63
2018 101
2018 1966
2018 1967
2018 1968
2018 1996
2018 2019
2018 2020
2018 2021
2018 2022
2018 2023
2018 2024
2018 2025
2018 2033
2018 2034
2018 2035
2018 2036
2018 2037
2019 2018
2019 2020
2019 2022
2019 2026
2019 2027
2019 2042
2020 2018
2020 2019
2020 2027
2020 2028
2020 2043
2021 2018
2022 2018
2022 2019
2022 2025
2023 2018
2024 2018
2024 2037
2025 2018
2025 2022
2026 2019
2027 2019
2027 2020
2028 2020
2030 2046
2034 2018
2035 2018
2036 2018
2037 2018
2037 2024
2042 2019
2043 2020
