1 3
2 3
3 1
4 5
6 4
6 5
8 9
8 10
9 8
15 12
15 16
16 15
22 32
24 19
25 20
28 27
29 30
32 22
33 35
34 33
35 34
36 37
36 78
43 44
44 43
44 52
44 56
48 69
49 48
49 69
50 47
51 71
51 72
51 75
52 56
53 54
54 53
56 44
59 64
61 60
63 62
64 59
68 67
69 48
69 49
71 73
71 75
72 51
72 74
72 75
73 71
73 72
73 75
73 85
74 72
74 73
74 75
74 85
74 86
75 51
75 71
75 72
75 73
75 74
76 78
78 36
78 76
80 91
85 73
85 86
85 89
86 85
86 89
87 66
87 89
89 85
89 86
90 92
91 80
93 99
94 95
94 96
94 99
96 94
96 95
97 102
98 104
99 94
101 97
101 102
104 98
104 103
104 187
105 106
105 110
106 105
106 107
106 110
107 106
108 128
110 105
110 106
110 111
111 110
115 114
115 116
116 115
116 130
120 121
120 123
120 139
120 140
121 120
121 139
123 120
123 122
123 139
123 141
125 126
126 125
128 108
128 109
130 116
131 132
132 131
134 135
134 136
138 139
138 140
138 146
139 120
139 121
139 123
139 138
140 120
140 123
140 138
140 139
140 141
141 123
143 144
144 143
144 145
144 146
145 144
146 138
146 144
146 145
156 154
157 158
158 157
159 157
159 158
160 161
161 160
162 163
166 165
168 167
168 169
170 171
170 172
170 173
171 170
171 172
172 170
172 171
172 173
173 170
173 171
175 181
175 182
176 183
176 202
178 179
178 180
178 208
178 209
179 178
179 180
179 209
180 178
180 179
181 175
181 182
182 175
182 181
182 184
183 176
183 184
183 185
183 201
183 202
183 213
184 182
184 183
184 211
184 212
185 176
185 183
185 184
185 195
185 202
187 104
192 193
193 192
193 198
193 200
194 192
194 193
195 176
195 185
195 202
196 197
196 203
196 204
197 196
197 203
198 193
198 199
198 200
199 198
199 200
199 206
200 193
200 199
201 183
201 202
201 213
202 185
202 195
202 201
203 196
203 197
203 204
204 196
204 203
206 199
206 205
208 178
208 179
208 209
209 178
209 179
209 208
211 184
211 212
212 211
213 183
214 210
218 219
220 221
220 222
220 226
220 227
221 220
221 222
221 226
221 227
222 220
222 221
222 223
223 222
226 220
226 221
226 227
227 221
227 226
228 571
229 245
229 250
229 587
230 571
231 235
231 237
232 233
232 234
233 207
233 232
233 234
234 232
234 233
236 235
237 231
240 241
241 240
241 242
242 240
242 241
242 243
242 244
243 244
244 243
245 229
245 246
245 250
245 251
248 247
250 229
250 245
250 251
250 587
253 254
254 252
254 253
254 256
256 254
259 260
259 262
259 263
260 261
262 259
262 263
263 259
263 262
268 307
268 308
271 269
271 276
271 277
273 274
273 275
274 273
275 273
276 271
282 283
283 282
284 285
286 287
287 286
288 289
289 288
291 290
292 100
293 291
299 300
302 303
303 302
304 344
304 345
307 268
308 268
308 307
311 312
319 320
319 322
322 319
323 327
324 325
324 326
325 324
327 323
329 348
330 329
330 331
330 348
331 330
332 351
332 352
335 334
336 335
339 353
340 337
341 342
344 304
345 304
345 344
347 436
348 329
348 330
349 356
349 357
350 352
351 332
351 350
351 352
352 332
352 350
352 351
353 339
353 354
353 355
354 355
354 359
355 353
355 354
355 359
356 349
356 357
356 358
357 349
357 358
358 357
359 354
359 355
359 360
360 359
360 365
361 362
361 366
361 367
362 361
362 367
362 368
364 363
365 360
365 366
365 367
366 361
366 365
366 367
366 368
367 361
367 362
367 365
367 366
367 368
368 361
368 362
368 366
368 367
371 369
371 370
374 373
376 377
376 378
377 376
377 378
378 377
381 380
382 403
386 387
386 388
386 391
386 392
387 384
387 386
387 389
387 391
387 395
388 386
388 389
388 395
389 388
391 386
391 387
391 392
392 391
392 393
394 393
394 395
394 397
395 386
395 387
395 388
395 393
395 394
398 417
401 402
402 382
402 401
403 402
404 405
407 406
407 411
409 408
410 408
410 409
411 413
413 411
419 418
420 419
420 477
423 424
424 423
424 428
426 431
426 432
429 430
429 431
430 429
430 431
431 430
431 432
432 426
432 431
433 779
438 390
440 441
441 440
441 444
442 441
442 444
442 462
443 439
444 441
444 442
446 450
448 471
448 473
448 474
449 450
449 451
450 446
450 451
451 449
451 450
452 453
454 455
454 456
454 457
455 454
455 457
456 454
456 455
456 457
457 455
457 456
461 462
462 442
462 461
464 463
465 461
465 468
466 467
470 469
471 472
471 473
471 474
471 477
472 471
472 473
472 477
473 448
473 471
474 448
474 471
474 472
474 473
474 477
477 420
477 471
477 472
477 474
477 478
477 479
478 477
478 479
478 481
479 477
479 478
479 481
480 481
483 484
484 483
484 485
489 495
492 494
493 492
494 492
494 493
495 489
495 491
496 497
497 496
497 498
499 501
502 503
502 504
503 504
504 502
504 503
504 507
505 506
505 507
505 855
506 505
506 507
506 855
507 503
507 504
507 505
507 506
508 856
508 857
510 512
511 151
511 510
512 151
512 510
512 511
517 515
517 516
518 519
518 520
518 521
518 522
518 539
519 518
519 521
519 522
520 518
520 519
520 521
520 522
521 518
521 519
521 520
521 522
521 539
521 540
522 518
522 520
522 521
522 539
522 540
526 530
528 529
528 534
529 528
529 574
532 535
535 532
535 533
539 518
539 521
539 522
539 540
540 521
540 522
540 539
544 551
545 544
548 550
549 552
551 545
551 550
552 549
554 555
554 559
554 560
554 562
555 554
555 559
555 560
559 554
559 555
559 560
560 554
560 555
560 559
560 562
563 564
563 565
563 567
564 563
564 565
564 567
565 563
565 564
565 567
567 563
567 564
568 651
568 653
571 230
573 576
573 577
574 529
576 573
576 577
577 573
580 581
580 583
580 604
581 604
582 583
584 586
585 584
585 586
586 584
586 585
587 229
587 250
591 590
597 598
597 601
597 602
598 597
598 602
599 594
601 602
602 597
602 598
602 601
604 580
604 581
605 606
606 605
608 609
609 608
610 613
611 612
613 569
613 610
613 614
614 569
614 613
619 618
620 628
625 626
626 625
626 629
628 620
628 632
629 626
629 628
632 620
632 628
635 553
637 638
638 637
640 637
640 641
642 644
643 644
643 649
644 642
644 643
644 649
644 661
646 645
647 648
647 661
647 669
648 647
648 649
648 668
648 669
649 643
649 644
649 647
649 661
651 652
653 568
653 651
653 655
657 656
659 655
661 644
661 647
661 649
663 662
664 665
664 683
664 684
668 648
668 669
669 647
669 648
670 671
671 670
672 675
672 676
673 674
674 673
674 675
674 678
675 672
675 674
675 676
676 675
678 673
678 674
680 679
682 686
683 664
683 684
683 727
684 683
686 682
687 688
688 687
688 689
693 697
695 697
696 693
696 697
701 702
701 703
702 700
702 703
703 701
703 702
704 705
705 704
707 708
713 719
716 715
717 716
718 713
718 719
718 722
719 713
719 718
720 714
724 742
724 744
725 746
728 730
729 728
729 730
730 728
730 729
736 733
736 737
737 733
737 736
738 735
741 756
742 707
742 724
742 743
742 744
743 744
744 724
744 742
745 747
745 750
746 747
747 745
747 746
747 750
747 751
748 932
748 933
749 750
750 745
750 749
750 751
751 745
751 747
751 749
751 750
754 755
754 760
754 761
755 754
756 741
759 758
759 760
759 761
760 754
760 759
760 761
761 754
761 759
763 762
763 944
764 765
766 767
766 768
767 768
767 770
770 767
770 771
771 769
771 770
772 773
772 776
773 772
773 775
773 776
775 772
776 772
776 773
776 775
779 433
780 836
781 782
781 783
782 781
782 783
783 781
783 782
785 786
785 787
785 793
785 794
786 787
786 794
787 785
787 786
787 794
788 789
788 795
789 788
789 790
789 795
790 789
791 792
792 790
793 794
794 785
794 786
794 787
794 793
795 788
795 789
799 798
801 800
801 802
802 801
802 807
804 806
804 808
804 809
805 806
805 807
806 804
806 805
806 807
807 805
807 806
808 810
809 804
809 808
810 808
812 813
814 901
816 819
818 825
819 818
819 820
819 825
820 816
820 821
820 822
821 819
821 820
821 822
821 825
822 820
825 818
825 819
825 821
827 828
828 827
828 829
828 830
828 832
828 833
829 827
829 828
829 830
829 832
829 833
830 828
830 829
830 832
830 833
832 828
832 830
832 833
833 828
833 829
833 830
833 832
838 839
838 840
838 841
839 838
840 838
840 845
842 843
844 845
845 840
845 844
848 849
848 850
848 851
849 848
849 850
849 851
850 848
850 849
851 848
851 850
852 853
852 854
852 858
853 854
854 858
855 505
855 506
856 508
856 857
856 862
857 508
857 856
858 841
858 852
858 854
861 862
862 856
862 857
867 866
872 873
872 886
873 872
873 886
874 875
875 874
878 879
878 881
878 882
879 877
879 878
880 876
881 878
881 882
882 878
887 884
887 888
887 889
888 887
888 892
889 887
892 888
895 893
897 898
898 897
909 911
909 914
910 911
910 912
911 909
911 910
912 910
913 932
913 933
916 918
916 919
918 916
918 919
920 921
920 922
921 920
921 922
922 920
922 921
923 926
932 748
932 913
932 933
932 935
933 748
933 913
933 932
934 935
935 932
935 933
935 934
938 939
940 937
943 946
946 947
948 949
949 948
949 950
950 948
950 949
951 952
951 994
951 995
952 953
953 951
953 952
953 994
953 995
953 999
953 1000
954 955
954 958
955 954
958 954
958 959
959 958
960 965
961 960
961 962
961 965
962 960
962 961
963 964
965 960
965 961
969 970
970 969
971 968
972 973
972 978
973 972
974 973
974 975
975 972
975 974
978 972
978 977
979 980
994 951
994 995
995 951
995 953
995 994
997 993
998 993
999 953
999 994
1002 1006
1006 1008
1007 1008
1008 1006
1011 1012
1012 1011
