1 2
1 4
1 5
1 6
1 17
1 18
1 19
2 7
2 23
3 26
4 1
4 13
4 14
5 1
5 16
5 17
6 1
8 25
9 3
9 10
9 26
10 3
10 9
13 4
13 14
14 4
14 13
15 1
16 1
16 5
17 1
17 6
19 1
19 20
23 2
23 24
24 2
24 23
26 3
26 9
26 10
29 1
29 30
29 31
29 32
29 33
29 34
29 35
29 36
29 37
29 38
29 39
29 41
29 42
29 43
29 50
29 51
29 52
29 53
29 54
29 55
29 56
29 57
29 63
29 64
29 65
29 67
29 68
29 69
29 75
29 100
30 1
30 29
30 31
30 32
30 33
30 34
30 35
30 39
30 40
30 42
30 43
30 44
30 57
30 58
30 59
30 60
30 64
30 65
31 30
31 32
31 33
31 34
31 36
31 37
31 38
31 41
31 50
31 51
31 52
31 53
31 64
31 65
31 68
31 69
31 76
31 77
32 29
32 30
32 31
32 33
32 38
32 41
32 50
32 51
33 29
33 30
33 31
33 32
33 34
33 53
34 29
34 30
34 31
34 33
34 53
34 54
35 30
35 58
36 29
36 31
36 37
36 47
36 48
36 49
37 29
37 31
37 36
38 29
38 31
38 32
38 41
39 29
39 30
40 30
40 44
40 45
40 46
41 29
41 31
41 38
41 50
41 51
43 29
43 30
43 56
44 40
44 45
44 61
45 40
45 44
45 46
45 62
46 40
46 62
47 36
47 48
48 36
48 47
49 36
50 29
50 31
50 32
50 38
50 41
50 51
51 29
51 32
51 38
51 41
51 50
53 29
53 33
54 29
54 34
54 55
55 54
56 29
56 43
57 30
57 39
59 30
61 44
62 40
63 66
63 70
63 72
63 73
63 81
63 82
63 89
63 91
63 100
64 65
64 67
64 68
64 69
64 75
64 76
64 77
64 96
64 97
64 98
64 99
65 32
65 36
65 37
65 47
65 48
65 64
65 68
65 69
65 76
65 77
66 63
66 70
66 71
66 78
66 79
66 81
66 88
67 64
67 86
68 64
68 65
68 69
68 76
68 98
68 99
69 64
69 68
69 76
69 77
69 99
70 63
70 66
70 71
70 78
70 80
70 81
70 82
70 88
71 63
71 66
71 70
71 82
71 89
71 90
73 63
73 92
74 84
74 85
75 64
75 65
75 97
76 64
76 65
76 68
76 69
76 77
76 99
77 65
77 68
77 69
78 66
78 70
78 80
79 66
79 70
79 80
80 66
80 70
80 78
80 79
81 63
81 66
82 63
82 71
82 89
83 73
85 74
85 93
86 67
86 95
89 63
89 71
89 82
90 63
90 71
90 82
97 64
97 68
97 75
98 64
98 68
99 64
99 68
99 69
99 76
100 63
100 66
100 110
100 111
100 123
100 124
101 105
102 107
103 104
107 102
108 115
110 100
111 100
125 128
125 129
125 131
125 132
125 133
125 134
125 149
126 142
126 143
126 173
126 174
126 205
126 207
127 130
127 137
127 138
127 139
127 140
127 141
127 158
127 159
127 160
128 125
128 131
128 132
128 145
128 146
128 147
129 125
129 136
129 153
130 127
130 139
130 141
130 160
130 161
131 125
131 132
131 133
132 125
132 128
133 125
133 131
133 132
135 129
135 155
137 127
137 138
137 157
138 127
138 137
138 157
139 127
139 130
139 140
139 158
139 159
141 127
141 130
141 160
143 126
146 128
146 147
147 128
147 146
148 125
149 125
150 125
151 134
153 129
153 154
154 129
154 153
155 135
157 137
157 138
158 127
159 127
159 139
159 140
160 127
160 130
160 141
161 130
162 163
162 167
162 176
162 177
162 184
162 185
163 162
163 167
164 191
165 169
165 179
165 195
165 196
165 197
166 181
166 182
166 229
166 230
166 243
167 162
167 163
167 168
167 176
167 186
167 187
167 188
168 163
169 165
169 170
169 179
169 180
169 198
169 199
170 169
170 171
170 180
170 201
170 202
171 203
172 173
172 174
173 174
173 205
173 206
173 207
174 172
174 173
174 205
174 206
174 207
176 162
176 167
176 177
176 186
177 162
177 167
177 176
177 186
179 165
179 196
180 169
180 170
180 199
181 166
181 182
181 243
182 166
182 181
183 175
186 167
186 176
186 177
186 187
186 188
187 167
187 188
188 186
188 187
191 164
195 165
196 165
196 179
196 197
197 179
197 196
199 180
203 171
205 173
207 173
207 174
208 211
208 213
208 214
208 215
208 219
208 220
208 221
208 222
208 223
208 224
208 234
208 235
209 211
209 212
209 218
209 228
209 229
209 230
209 239
209 240
209 241
209 242
209 243
211 208
211 209
211 212
211 216
211 217
211 218
211 226
211 227
211 237
212 209
212 218
212 228
212 238
212 239
213 208
213 214
214 208
214 213
214 219
214 220
215 208
216 217
216 237
217 211
217 216
217 227
218 209
218 211
218 217
218 227
218 238
219 208
220 208
220 213
220 214
221 213
221 220
222 223
222 234
223 208
223 215
223 222
223 234
225 236
226 216
226 225
227 211
227 217
228 209
228 212
228 239
229 209
229 230
229 242
230 242
230 243
232 210
234 222
234 223
235 208
235 215
237 216
238 212
239 209
239 212
239 228
240 209
240 239
242 230
243 181
243 209
244 29
244 208
244 209
244 210
244 213
244 245
244 246
244 247
244 248
244 249
244 250
244 251
244 252
244 253
244 254
244 255
244 257
244 258
244 259
244 260
244 262
244 263
244 264
244 265
244 266
244 267
244 268
244 269
244 270
244 271
244 272
244 273
244 274
244 275
244 276
244 277
244 278
244 279
244 284
244 285
244 286
244 287
244 307
244 415
244 416
245 244
245 246
245 247
245 252
245 253
245 262
245 263
246 244
246 248
246 250
246 265
246 266
247 245
247 262
248 246
248 250
248 251
248 267
249 244
249 259
249 279
249 280
249 281
250 244
250 246
250 248
250 266
251 248
251 267
252 244
252 247
252 253
253 244
253 245
253 252
255 256
255 268
256 244
256 255
256 268
257 244
257 269
258 244
258 273
259 244
259 249
260 244
260 282
262 244
262 245
262 247
263 244
265 246
266 244
266 246
266 250
267 244
267 248
267 251
268 244
268 255
268 256
270 271
271 270
272 244
272 270
272 271
273 244
275 244
275 276
276 275
276 277
277 244
277 276
279 244
279 249
280 249
280 281
281 249
282 260
283 282
284 245
284 246
284 247
284 285
284 287
284 295
284 296
284 304
284 305
284 306
285 246
285 247
285 261
285 284
285 287
285 304
285 305
285 306
286 288
286 291
286 292
286 300
287 284
287 285
287 296
287 304
288 299
291 286
291 300
292 286
292 301
293 294
295 284
296 284
300 286
300 288
300 291
304 287
305 285
306 285
307 308
307 310
307 311
307 312
307 317
307 318
307 319
307 320
307 330
307 331
307 332
307 333
308 307
308 309
308 313
308 316
308 348
308 352
308 368
309 307
309 308
309 313
309 316
309 326
309 327
310 311
310 312
310 321
310 334
310 335
311 307
311 310
311 312
311 321
311 322
312 307
312 310
312 311
312 321
312 322
312 336
313 309
313 327
314 315
314 323
314 324
314 325
314 341
314 342
315 297
315 314
315 323
315 324
315 341
316 308
316 309
317 307
317 328
318 307
319 307
319 320
319 333
320 307
320 333
321 312
321 335
322 310
322 311
322 336
323 315
323 324
323 341
324 314
324 315
324 325
324 341
325 314
325 315
325 324
325 341
325 342
326 309
326 313
326 327
327 309
327 313
328 317
328 329
330 307
331 307
331 332
332 307
332 331
333 319
335 321
336 312
336 322
339 340
340 339
341 314
341 323
341 324
341 342
342 314
342 315
342 325
342 341
343 344
343 345
343 349
343 354
343 355
343 359
343 361
343 362
343 363
343 369
343 370
343 371
344 343
344 349
344 354
344 359
344 360
345 343
345 346
345 350
345 351
345 356
346 345
346 350
346 351
346 364
347 352
347 367
348 352
348 367
350 345
350 346
350 351
351 345
351 346
351 350
354 343
354 344
354 359
354 360
355 343
355 363
356 345
356 357
357 356
359 343
359 354
359 360
360 343
360 344
360 354
360 359
361 343
362 343
363 343
363 355
364 346
364 351
366 347
367 347
367 348
369 370
369 371
369 376
369 383
369 384
369 405
369 406
369 407
369 409
370 344
370 349
370 353
370 358
370 369
370 371
370 376
370 377
370 411
370 412
370 413
370 414
371 369
371 370
371 384
371 385
371 386
371 409
372 375
372 378
372 379
372 389
372 391
373 387
374 388
375 372
375 379
375 389
375 390
376 369
376 370
376 371
376 377
376 411
377 370
377 376
377 411
378 372
378 375
378 379
378 389
378 390
378 391
379 372
379 375
379 378
379 391
382 369
382 403
382 405
383 369
383 382
383 405
384 369
384 371
384 385
385 371
385 384
385 386
386 371
386 384
386 385
387 373
389 372
389 375
390 372
390 375
390 378
390 389
391 372
391 378
391 379
391 392
392 372
392 391
392 393
393 392
393 394
394 393
397 396
398 396
398 397
399 400
401 380
401 381
402 403
403 402
405 369
405 382
405 383
406 369
406 383
407 369
409 369
409 371
412 413
414 370
415 343
415 369
415 370
415 371
415 416
415 417
415 418
415 419
415 420
415 421
415 422
415 423
415 424
415 425
415 426
415 427
415 428
415 434
415 436
415 437
415 438
415 439
415 440
415 441
415 442
415 496
416 343
416 369
416 370
416 371
416 372
416 373
416 374
416 375
416 378
416 387
416 388
416 389
416 415
416 417
416 418
416 419
416 424
416 443
416 444
416 445
416 496
417 369
417 415
417 416
417 418
417 419
417 422
417 423
417 424
417 427
417 428
417 440
417 441
417 442
418 387
418 415
418 416
418 417
418 443
418 444
418 445
419 415
419 417
419 422
419 423
419 427
419 428
420 415
420 431
421 415
421 434
421 435
422 415
422 417
422 419
422 439
423 417
423 419
423 427
424 416
424 417
425 415
426 415
427 415
427 417
427 423
428 415
428 417
428 419
429 430
431 420
431 432
432 420
432 431
434 415
434 421
434 435
435 421
435 434
436 415
437 415
437 438
438 415
439 415
439 422
440 415
440 417
441 415
443 416
444 418
445 416
449 461
453 467
455 467
455 468
455 469
459 460
461 449
464 465
465 464
467 468
468 454
468 455
468 467
470 484
471 470
471 478
471 485
471 486
471 487
473 475
473 493
473 494
474 492
475 473
475 481
475 494
475 495
478 471
481 473
481 475
481 493
484 470
487 478
492 474
493 481
494 475
495 473
495 475
496 416
496 470
496 471
496 472
496 476
496 483
496 484
496 497
496 498
496 511
496 512
496 520
496 521
497 511
497 518
497 519
498 496
498 497
498 511
498 512
498 519
498 520
499 505
499 506
499 513
499 526
500 502
500 515
501 500
501 502
501 504
501 516
502 500
502 501
502 508
502 516
504 501
504 502
504 508
507 501
507 515
509 503
511 496
511 497
511 498
512 496
512 498
513 499
516 501
519 497
519 498
519 511
522 524
522 525
522 529
522 530
522 531
522 535
522 536
522 548
522 549
522 550
522 551
523 527
523 543
523 544
523 545
524 522
524 529
524 536
524 548
524 549
524 550
525 522
525 532
525 537
525 538
526 505
526 525
526 532
526 539
527 523
527 543
528 523
528 546
529 522
529 524
530 522
530 531
530 552
531 522
531 530
531 552
532 525
532 539
536 522
536 524
536 535
537 525
537 538
538 525
538 537
539 526
539 532
548 522
548 549
549 522
549 524
549 548
550 522
550 524
550 529
551 522
551 529
552 530
552 531
555 525
555 532
555 556
557 559
557 560
557 561
557 564
557 582
558 533
558 567
558 568
558 569
558 570
558 577
558 590
558 591
559 560
559 572
559 581
560 557
560 559
560 564
560 582
561 557
561 582
561 583
561 584
562 575
564 557
564 560
564 561
564 582
564 583
565 562
567 558
567 568
567 569
567 577
567 589
568 558
568 567
568 569
568 577
569 558
569 567
569 568
569 589
571 563
571 578
572 581
573 574
575 562
577 558
577 568
577 569
577 589
578 563
578 571
581 559
581 572
582 557
582 561
582 564
583 557
583 561
583 564
584 561
585 584
589 567
589 569
589 577
590 558
592 593
592 594
592 595
592 597
592 598
592 599
592 600
592 603
592 604
592 605
592 610
592 611
592 612
592 613
592 614
592 615
592 616
592 637
593 592
593 594
593 597
593 598
593 599
593 603
593 610
593 611
593 612
593 613
593 614
593 615
593 616
593 637
594 592
594 593
594 597
594 637
594 671
595 601
595 606
595 607
595 608
597 592
597 593
597 594
597 611
597 637
598 592
598 593
598 603
598 615
598 616
599 592
599 605
601 621
601 622
602 596
603 593
603 615
603 616
604 592
604 599
604 605
605 592
605 599
605 604
605 617
606 595
606 618
606 619
606 620
608 595
610 597
610 611
611 593
611 597
612 593
612 614
613 592
613 593
613 614
614 592
614 593
614 612
614 613
615 593
615 598
616 592
616 593
616 598
616 603
617 605
619 606
619 620
620 606
620 619
621 601
625 626
627 628
627 629
627 630
627 631
627 638
627 639
627 640
627 641
627 642
627 655
627 656
627 657
628 627
628 629
628 632
628 645
628 646
628 658
628 659
629 628
629 645
629 658
630 627
630 640
630 641
630 657
631 627
631 630
631 642
631 643
631 644
632 629
632 645
632 658
633 628
633 634
633 647
633 648
633 649
633 650
633 664
633 665
634 633
634 647
634 648
634 649
634 651
634 652
634 665
635 636
635 667
636 635
636 667
637 597
637 671
638 627
640 627
640 630
640 641
641 627
641 630
641 640
642 627
642 630
642 631
642 643
643 631
644 631
644 643
645 628
645 629
645 632
647 634
647 648
647 649
647 650
647 664
648 633
648 634
648 647
648 649
648 650
649 647
650 634
650 647
650 648
650 649
651 633
651 634
651 649
651 650
654 669
654 670
655 627
656 627
658 628
658 632
659 628
659 646
659 661
660 659
660 661
661 659
661 660
661 662
662 661
662 663
663 662
664 633
665 652
666 652
669 670
670 654
671 637
672 687
672 688
672 689
672 703
673 705
674 680
674 681
675 681
676 682
676 695
676 696
677 697
679 693
680 674
680 675
680 681
680 694
681 674
681 675
681 680
682 683
682 695
682 696
683 682
683 696
684 677
685 686
686 685
687 672
687 688
690 704
692 679
694 674
694 680
694 681
695 676
695 682
696 676
696 682
696 683
697 677
697 698
698 677
698 697
699 685
699 700
700 701
701 703
702 701
702 703
703 672
703 701
703 702
705 673
709 708
710 712
710 724
710 725
710 743
711 710
711 714
711 728
711 729
712 710
712 724
713 720
716 733
720 713
722 679
722 692
722 693
724 710
724 712
725 710
728 711
729 728
731 715
738 710
738 711
738 712
738 723
738 724
738 741
738 742
738 743
738 756
738 757
739 759
739 760
739 782
739 787
740 751
740 764
741 738
741 742
741 748
741 749
741 769
741 770
741 771
742 738
742 741
742 749
742 750
742 753
742 770
742 771
742 772
742 773
742 774
742 775
743 710
743 738
743 756
743 757
744 745
744 763
746 740
746 766
747 748
748 747
749 769
750 742
750 753
751 740
752 740
752 751
752 764
752 765
753 742
753 750
754 755
756 738
756 743
757 723
759 739
762 744
762 763
763 744
763 762
764 740
764 751
769 741
770 741
770 742
770 771
771 742
772 742
772 773
772 774
773 772
773 774
774 742
774 773
776 779
776 783
776 784
776 790
776 791
776 792
776 795
776 813
777 780
777 781
777 803
778 777
778 781
778 804
779 776
779 795
780 777
780 778
780 804
781 777
781 778
781 780
781 782
782 781
782 794
782 805
782 806
782 807
783 776
783 788
783 789
783 790
784 795
785 793
785 798
785 800
787 758
787 782
787 794
787 807
787 808
788 783
788 789
789 783
789 788
790 776
791 776
793 785
793 797
793 799
794 782
794 787
794 807
794 808
795 776
795 784
798 799
799 785
799 793
799 798
800 785
804 780
806 782
807 782
807 787
807 794
808 787
808 794
809 810
809 811
809 812
809 814
809 815
809 816
809 820
809 821
809 822
809 826
809 828
809 846
809 847
809 848
810 811
810 812
810 814
810 815
810 822
810 827
810 828
811 810
811 812
811 814
811 822
811 827
811 828
812 809
812 810
812 815
812 816
813 783
813 789
813 843
813 844
814 809
814 810
814 822
814 827
815 809
815 812
816 809
816 812
817 830
817 831
817 832
818 823
820 809
820 826
821 809
822 809
822 810
822 811
822 814
822 827
824 818
825 840
825 842
827 809
827 810
827 811
827 814
827 822
828 809
828 810
828 811
830 817
831 817
831 832
832 817
832 831
836 835
837 819
837 838
837 839
838 837
839 819
839 837
839 838
840 825
840 841
840 842
841 825
841 842
842 825
842 840
842 841
844 813
844 845
845 813
845 844
846 847
846 848
846 849
846 850
846 852
846 853
846 854
846 855
846 856
846 860
846 861
846 869
846 870
847 846
847 848
847 849
847 854
847 855
847 856
847 871
847 872
848 810
848 846
848 847
848 873
848 874
849 847
849 852
849 860
849 869
849 870
850 852
850 858
852 846
852 850
852 858
852 859
853 846
853 849
853 860
853 869
853 870
854 847
854 849
854 861
855 846
855 847
855 856
856 855
856 871
857 862
858 850
858 852
859 852
860 846
860 849
860 853
861 854
862 863
862 864
863 862
863 864
866 850
866 867
866 868
867 850
867 866
867 868
869 846
869 849
869 853
869 870
870 846
870 849
870 853
870 869
871 847
871 856
875 877
876 883
876 903
877 875
877 878
877 884
878 875
878 877
879 886
879 907
879 908
879 909
880 881
880 891
881 891
883 876
884 877
885 879
885 886
885 906
886 879
886 885
886 907
887 879
889 888
889 890
890 888
891 880
891 881
894 893
899 898
901 882
904 875
904 877
904 884
906 886
906 907
907 879
907 885
907 886
907 906
909 879
911 912
911 913
911 914
911 915
911 916
911 918
911 921
911 922
911 923
911 924
911 925
911 926
911 939
911 943
911 944
911 945
911 946
911 947
911 948
911 949
911 953
912 911
912 915
912 925
912 926
912 949
912 950
912 951
913 911
913 914
913 916
913 917
913 922
913 923
913 939
913 940
913 941
913 942
913 943
914 913
914 918
914 923
914 943
914 944
915 912
915 950
916 911
916 917
916 938
917 911
917 913
917 916
917 922
918 914
919 927
920 930
921 911
921 916
921 917
921 937
921 938
922 911
922 913
922 916
922 917
923 911
923 913
923 914
924 911
925 911
925 912
925 915
926 912
927 919
927 928
930 920
933 934
933 935
934 935
938 921
939 911
939 942
941 913
941 939
941 940
941 942
942 941
943 911
943 913
943 914
943 923
943 944
944 911
944 923
944 943
945 911
945 946
946 945
947 948
948 911
948 947
949 911
950 912
950 915
951 912
953 954
953 965
953 966
953 967
953 970
953 971
953 972
953 973
953 983
953 984
953 985
954 953
954 965
954 966
954 971
954 972
954 973
954 984
955 956
955 960
955 961
955 962
955 976
956 955
956 957
956 958
956 961
956 962
956 963
956 977
957 956
957 958
957 962
957 963
957 977
958 956
958 957
958 963
959 964
959 978
960 955
960 976
961 955
961 956
961 960
961 962
962 955
962 956
962 977
963 956
963 957
964 978
965 953
965 954
965 971
965 972
965 973
965 984
966 953
966 954
966 986
967 953
967 966
968 919
968 974
969 980
969 981
969 982
971 953
971 954
971 965
971 972
971 984
972 953
972 954
972 965
972 971
973 953
976 955
976 960
977 957
977 962
978 959
978 964
980 979
981 969
982 969
982 970
982 981
984 953
984 954
984 965
984 971
985 953
985 966
986 967
988 989
988 995
988 996
988 1006
988 1007
988 1008
988 1009
988 1010
989 990
989 1012
990 989
990 997
990 1013
990 1015
991 993
992 998
992 1017
992 1018
993 991
993 1019
993 1020
994 1004
995 1006
996 988
996 1007
997 989
997 990
998 999
998 1000
999 998
1001 1002
1001 1023
1002 1001
1004 994
1006 995
1006 996
1007 988
1007 996
1010 988
1010 1009
1013 990
1013 1014
1013 1015
1014 990
1014 1013
1014 1015
1015 990
1015 1013
1015 1014
1017 992
1018 1017
1020 993
1023 1001
1024 1027
1024 1034
1024 1035
1024 1036
1024 1044
1024 1045
1024 1046
1024 1047
1025 1026
1025 1043
1025 1054
1026 1025
1026 1043
1026 1054
1027 1036
1027 1047
1028 1048
1030 1025
1030 1041
1031 1032
1032 1031
1034 1024
1034 1035
1034 1046
1035 1024
1035 1027
1035 1034
1036 1024
1036 1027
1037 1028
1040 1051
1041 1030
1041 1042
1042 1030
1042 1041
1042 1053
1043 1025
1043 1026
1043 1054
1043 1055
1044 1024
1046 1034
1047 1024
1047 1027
1048 1028
1051 1040
1054 1043
1057 1065
1057 1066
1057 1067
1057 1079
1057 1080
1057 1081
1057 1082
1057 1083
1058 1059
1058 1062
1058 1071
1058 1072
1059 1058
1059 1071
1060 1063
1060 1073
1061 1070
1062 1058
1062 1060
1062 1072
1063 1064
1063 1073
1064 1060
1064 1063
1064 1073
1065 1067
1065 1081
1066 1057
1066 1067
1066 1080
1066 1081
1067 1057
1067 1065
1067 1081
1069 1088
1071 1058
1071 1059
1073 1060
1073 1063
1073 1064
1076 1075
1080 1057
1080 1066
1080 1081
1081 1057
1081 1065
1081 1067
1081 1080
1082 1057
1082 1066
1082 1067
1083 1057
1089 1069
1090 1024
1090 1057
1090 1058
1090 1059
1090 1060
1090 1091
1090 1092
1090 1094
1090 1095
1090 1096
1090 1097
1090 1098
1090 1099
1090 1100
1090 1101
1090 1102
1090 1103
1090 1104
1090 1105
1090 1106
1090 1107
1090 1110
1090 1111
1090 1112
1090 1113
1090 1114
1090 1115
1090 1116
1090 1117
1090 1119
1090 1120
1090 1121
1090 1185
1090 1211
1091 1057
1091 1058
1091 1059
1091 1060
1091 1061
1091 1090
1091 1092
1091 1093
1091 1094
1091 1095
1091 1096
1091 1099
1091 1102
1091 1103
1091 1104
1091 1105
1091 1115
1091 1116
1091 1117
1091 1118
1092 1090
1092 1091
1092 1093
1092 1094
1092 1095
1092 1098
1092 1102
1092 1103
1092 1114
1092 1115
1093 1091
1093 1094
1093 1098
1093 1102
1094 1090
1094 1091
1094 1093
1094 1098
1094 1102
1094 1114
1095 1090
1095 1091
1095 1092
1095 1103
1095 1104
1096 1090
1096 1091
1096 1099
1096 1105
1098 1090
1098 1091
1098 1092
1098 1093
1098 1094
1098 1102
1098 1114
1099 1091
1099 1096
1099 1105
1100 1090
1100 1111
1102 1090
1102 1091
1102 1092
1102 1093
1102 1094
1102 1098
1103 1090
1103 1091
1103 1092
1103 1095
1104 1090
1104 1095
1105 1090
1105 1091
1105 1096
1105 1099
1106 1090
1106 1091
1106 1096
1106 1099
1107 1090
1107 1108
1107 1109
1108 1107
1108 1109
1109 1107
1109 1108
1112 1090
1114 1090
1114 1092
1114 1094
1115 1090
1115 1091
1115 1092
1116 1117
1117 1090
1117 1091
1117 1116
1118 1091
1119 1120
1119 1137
1119 1139
1119 1153
1120 1119
1120 1121
1120 1122
1120 1123
1120 1124
1120 1125
1120 1126
1120 1127
1120 1128
1120 1142
1120 1143
1121 1122
1121 1129
1121 1130
1121 1146
1122 1120
1122 1121
1122 1128
1122 1129
1122 1144
1122 1145
1123 1124
1125 1120
1125 1126
1125 1142
1126 1120
1126 1125
1128 1120
1128 1122
1128 1129
1128 1144
1128 1145
1129 1121
1129 1122
1129 1128
1129 1144
1129 1145
1130 1121
1130 1146
1132 1133
1132 1148
1133 1132
1133 1134
1134 1133
1134 1148
1135 1136
1137 1119
1140 1141
1141 1140
1142 1125
1144 1122
1144 1128
1144 1129
1145 1122
1145 1128
1145 1129
1146 1130
1148 1133
1148 1134
1150 1151
1150 1154
1150 1165
1150 1166
1150 1185
1151 1155
1151 1167
1152 1156
1152 1170
1152 1171
1152 1172
1152 1173
1152 1174
1152 1175
1152 1176
1153 1162
1153 1163
1153 1184
1154 1150
1155 1151
1156 1152
1156 1170
1156 1171
1156 1172
1156 1173
1156 1174
1156 1175
1156 1176
1157 1178
1158 1159
1158 1181
1159 1158
1160 1161
1161 1182
1162 1153
1170 1152
1170 1156
1170 1171
1170 1172
1171 1152
1171 1156
1171 1170
1171 1172
1171 1173
1172 1152
1172 1156
1172 1170
1172 1171
1172 1173
1173 1152
1173 1156
1173 1171
1173 1172
1173 1174
1174 1152
1174 1156
1174 1173
1175 1156
1175 1176
1176 1152
1176 1156
1182 1160
1184 1153
1185 1150
1185 1151
1185 1190
1185 1194
1185 1196
1185 1201
1185 1202
1185 1203
1185 1209
1185 1210
1187 1188
1187 1191
1187 1192
1187 1193
1187 1198
1187 1204
1188 1187
1188 1189
1188 1199
1188 1200
1189 1188
1189 1200
1190 1185
1190 1194
1190 1208
1191 1187
1191 1192
1192 1187
1192 1191
1192 1198
1193 1187
1193 1192
1193 1198
1193 1204
1194 1185
1194 1190
1194 1208
1195 1201
1195 1202
1196 1185
1196 1203
1196 1209
1197 1191
1198 1187
1198 1192
1198 1193
1202 1185
1202 1195
1202 1201
1203 1185
1203 1196
1203 1209
1204 1187
1209 1196
1209 1203
1211 1185
1211 1186
1211 1187
1211 1212
1211 1213
1211 1214
1211 1215
1211 1216
1211 1218
1211 1219
1211 1221
1211 1222
1211 1223
1211 1225
1211 1231
1211 1232
1211 1233
1211 1234
1211 1235
1211 1236
1211 1238
1211 1240
1211 1242
1211 1245
1211 1318
1212 1211
1212 1220
1212 1235
1213 1211
1213 1229
1214 1211
1214 1215
1214 1221
1214 1222
1214 1223
1214 1237
1214 1238
1215 1211
1215 1214
1215 1223
1215 1238
1216 1211
1216 1231
1217 1211
1218 1211
1218 1219
1218 1233
1218 1234
1219 1211
1219 1218
1219 1233
1219 1234
1220 1212
1221 1211
1221 1222
1221 1236
1222 1211
1222 1214
1223 1211
1223 1214
1223 1215
1223 1238
1225 1211
1225 1226
1225 1239
1226 1225
1226 1227
1227 1226
1229 1213
1231 1211
1232 1211
1233 1211
1233 1219
1233 1234
1234 1211
1234 1218
1234 1219
1234 1233
1235 1212
1236 1211
1237 1211
1237 1214
1238 1214
1238 1215
1239 1225
1240 1242
1240 1244
1240 1246
1240 1247
1240 1254
1240 1255
1240 1256
1240 1257
1240 1274
1240 1275
1240 1276
1240 1277
1241 1243
1241 1244
1241 1253
1241 1266
1241 1267
1242 1240
1242 1245
1242 1248
1242 1249
1242 1250
1242 1257
1242 1258
1242 1259
1242 1261
1242 1282
1242 1283
1243 1241
1243 1244
1243 1266
1243 1267
1243 1268
1244 1241
1244 1243
1244 1254
1244 1269
1244 1270
1245 1242
1245 1249
1245 1250
1245 1259
1245 1260
1245 1261
1246 1240
1246 1255
1246 1256
1246 1274
1247 1246
1247 1256
1247 1275
1248 1245
1248 1249
1248 1259
1248 1282
1249 1242
1249 1245
1249 1248
1249 1250
1249 1259
1250 1242
1250 1245
1250 1249
1250 1259
1250 1260
1250 1261
1251 1252
1251 1263
1251 1264
1251 1265
1252 1253
1252 1265
1253 1241
1253 1252
1254 1240
1254 1244
1254 1271
1254 1273
1255 1240
1255 1246
1256 1240
1256 1246
1256 1274
1257 1240
1257 1242
1257 1279
1257 1280
1258 1242
1258 1257
1258 1280
1258 1281
1259 1242
1259 1248
1259 1249
1259 1250
1259 1260
1260 1242
1260 1245
1260 1250
1260 1261
1261 1242
1261 1245
1261 1284
1262 1285
1263 1251
1264 1251
1267 1241
1267 1243
1269 1270
1270 1269
1271 1272
1272 1254
1272 1271
1272 1273
1274 1240
1275 1240
1275 1247
1280 1257
1280 1258
1280 1281
1281 1280
1283 1242
1283 1248
1284 1245
1286 1287
1286 1303
1286 1304
1287 1288
1287 1304
1287 1305
1288 1286
1288 1287
1288 1305
1289 1290
1289 1295
1289 1296
1290 1289
1290 1295
1290 1296
1292 1314
1293 1294
1294 1293
1294 1302
1295 1289
1295 1290
1295 1296
1296 1289
1296 1290
1296 1295
1300 1309
1302 1293
1302 1294
1304 1286
1304 1287
1305 1286
1305 1287
1305 1288
1312 1301
1314 1292
1315 1292
1315 1314
1317 1318
1317 1319
1317 1320
1317 1321
1317 1323
1317 1324
1317 1325
1317 1326
1317 1336
1317 1337
1317 1338
1317 1339
1317 1340
1317 1341
1317 1342
1317 1357
1317 1358
1317 1359
1317 1369
1318 1286
1318 1287
1318 1288
1318 1289
1318 1290
1318 1293
1318 1294
1318 1295
1318 1303
1318 1304
1318 1305
1318 1317
1318 1319
1318 1320
1318 1321
1318 1322
1318 1332
1318 1350
1318 1351
1318 1352
1318 1353
1318 1354
1318 1355
1318 1357
1319 1318
1319 1320
1319 1321
1319 1322
1319 1324
1319 1325
1319 1326
1319 1327
1319 1328
1319 1329
1319 1342
1319 1343
1319 1344
1319 1345
1320 1318
1320 1319
1320 1321
1320 1322
1320 1331
1320 1347
1320 1348
1320 1349
1321 1317
1321 1318
1321 1319
1321 1320
1321 1327
1321 1328
1321 1329
1321 1330
1321 1344
1321 1345
1321 1346
1322 1317
1322 1318
1322 1319
1322 1320
1322 1321
1322 1329
1322 1330
1322 1331
1322 1346
1322 1347
1323 1339
1324 1317
1324 1342
1324 1343
1325 1317
1325 1319
1326 1321
1326 1344
1327 1319
1327 1321
1327 1326
1327 1344
1328 1319
1328 1321
1328 1329
1328 1345
1329 1319
1329 1321
1329 1322
1329 1330
1329 1345
1329 1346
1330 1322
1330 1346
1332 1318
1332 1353
1333 1334
1333 1335
1335 1334
1338 1317
1338 1323
1338 1339
1339 1317
1339 1323
1339 1338
1340 1317
1341 1317
1341 1325
1342 1317
1342 1319
1342 1324
1343 1319
1343 1324
1344 1319
1344 1321
1344 1326
1344 1327
1345 1319
1345 1321
1345 1328
1345 1329
1346 1321
1346 1322
1346 1330
1347 1320
1347 1322
1347 1348
1349 1320
1350 1318
1353 1332
1354 1318
1354 1355
1355 1318
1356 1357
1356 1362
1356 1372
1357 1356
1357 1365
1357 1366
1357 1367
1357 1376
1357 1377
1358 1357
1358 1367
1358 1377
1358 1378
1359 1368
1359 1369
1359 1380
1360 1361
1361 1360
1361 1371
1363 1373
1365 1357
1368 1359
1368 1381
1369 1359
1373 1363
1376 1358
1376 1367
1380 1359
1381 1359
1381 1368
1382 1385
1382 1391
1382 1392
1382 1402
1384 1382
1384 1385
1384 1392
1385 1382
1385 1392
1386 1394
1390 1382
1392 1382
1392 1384
1392 1385
1394 1386
1398 1383
1405 1408
1405 1409
1405 1415
1405 1429
1409 1415
1409 1429
1411 1419
1412 1411
1414 1406
1415 1405
1416 1417
1417 1416
1418 1417
1418 1419
1426 1427
1429 1415
1430 1431
1430 1432
1430 1436
1430 1437
1430 1441
1430 1442
1430 1452
1431 1430
1431 1435
1431 1441
1431 1452
1432 1430
1432 1433
1432 1434
1432 1437
1432 1438
1432 1443
1432 1457
1432 1458
1433 1432
1433 1434
1433 1438
1433 1439
1433 1458
1434 1432
1434 1433
1434 1439
1434 1443
1434 1458
1434 1459
1435 1430
1436 1431
1436 1441
1436 1452
1437 1430
1437 1432
1437 1453
1437 1454
1437 1456
1438 1433
1439 1432
1439 1433
1439 1434
1439 1443
1439 1458
1439 1459
1441 1430
1443 1433
1443 1434
1443 1458
1449 1448
1454 1455
1454 1456
1455 1437
1455 1454
1456 1437
1456 1454
1456 1455
1457 1432
1458 1432
1458 1433
1458 1434
1458 1443
1458 1459
1459 1434
1459 1439
1459 1443
1459 1458
1461 1462
1461 1463
1461 1465
1461 1467
1461 1469
1461 1470
1461 1478
1461 1479
1461 1480
1461 1481
1461 1482
1461 1494
1462 1461
1462 1463
1462 1464
1462 1465
1462 1466
1462 1469
1462 1478
1462 1479
1462 1480
1462 1494
1463 1461
1463 1462
1463 1466
1463 1467
1463 1481
1463 1483
1464 1465
1464 1478
1464 1479
1465 1462
1465 1464
1465 1478
1465 1479
1466 1461
1466 1463
1467 1461
1467 1482
1467 1483
1468 1489
1469 1461
1469 1462
1470 1461
1470 1467
1470 1481
1470 1482
1470 1483
1472 1473
1473 1487
1474 1475
1475 1474
1475 1488
1478 1461
1478 1462
1478 1464
1478 1465
1478 1479
1479 1461
1479 1462
1479 1464
1479 1465
1479 1478
1480 1462
1481 1461
1481 1463
1481 1467
1481 1470
1481 1482
1482 1461
1482 1463
1482 1467
1482 1470
1482 1481
1483 1467
1483 1470
1484 1485
1487 1473
1488 1475
1493 1495
1493 1496
1493 1499
1493 1503
1493 1504
1493 1505
1493 1506
1493 1513
1493 1514
1493 1515
1494 1462
1494 1509
1494 1520
1494 1521
1495 1493
1495 1499
1495 1503
1495 1504
1495 1505
1495 1506
1495 1513
1495 1514
1499 1493
1499 1504
1499 1505
1499 1513
1499 1514
1500 1496
1501 1502
1502 1501
1503 1493
1503 1495
1503 1504
1503 1513
1504 1493
1504 1495
1504 1499
1504 1503
1504 1513
1505 1493
1505 1495
1505 1499
1505 1514
1506 1493
1506 1495
1506 1515
1507 1517
1507 1518
1509 1494
1509 1519
1510 1494
1513 1493
1513 1495
1513 1503
1513 1504
1514 1493
1514 1495
1514 1499
1514 1505
1517 1518
1518 1507
1518 1517
1520 1494
1523 1533
1523 1534
1523 1546
1523 1547
1524 1549
1525 1524
1525 1536
1526 1537
1526 1550
1526 1551
1527 1553
1528 1540
1528 1541
1528 1542
1529 1530
1529 1545
1530 1529
1530 1531
1531 1530
1532 1531
1533 1523
1534 1535
1535 1523
1535 1534
1535 1547
1536 1524
1536 1525
1536 1549
1537 1526
1537 1550
1539 1553
1539 1554
1540 1528
1540 1541
1540 1555
1541 1528
1541 1540
1542 1528
1545 1529
1545 1530
1546 1523
1546 1533
1547 1534
1549 1536
1550 1537
1551 1526
1553 1539
1554 1539
1555 1540
1557 1558
1558 1557
1560 1561
1561 1560
1562 1563
1562 1564
1562 1566
1562 1567
1562 1569
1562 1570
1562 1571
1562 1577
1562 1578
1562 1585
1562 1586
1563 1562
1563 1565
1563 1569
1563 1583
1564 1562
1564 1566
1564 1567
1564 1570
1564 1571
1564 1577
1564 1578
1564 1586
1564 1587
1565 1563
1566 1562
1566 1564
1566 1567
1566 1570
1566 1571
1566 1577
1566 1578
1567 1562
1567 1566
1567 1570
1567 1578
1567 1587
1569 1562
1569 1563
1569 1584
1570 1562
1570 1564
1570 1566
1570 1567
1570 1571
1570 1578
1571 1562
1571 1564
1571 1566
1571 1567
1571 1570
1571 1587
1572 1568
1573 1579
1574 1582
1577 1562
1578 1562
1578 1564
1578 1566
1578 1567
1581 1574
1581 1582
1586 1564
1586 1577
1587 1562
1587 1564
1587 1570
1587 1571
1588 1590
1588 1593
1588 1600
1588 1601
1588 1602
1589 1592
1590 1588
1590 1591
1590 1593
1590 1603
1591 1590
1591 1604
1592 1589
1592 1598
1593 1588
1593 1590
1593 1603
1596 1597
1598 1589
1598 1592
1600 1588
1602 1588
1603 1590
1603 1593
1604 1591
1614 1589
1614 1598
1614 1618
1614 1625
1614 1639
1614 1640
1614 1641
1615 1616
1615 1619
1615 1621
1615 1622
1615 1626
1616 1615
1616 1617
1616 1620
1616 1621
1616 1622
1616 1628
1616 1629
1617 1616
1617 1623
1617 1629
1617 1630
1617 1631
1618 1614
1618 1638
1620 1615
1620 1616
1620 1621
1620 1622
1621 1615
1621 1616
1621 1620
1621 1622
1622 1615
1622 1620
1623 1617
1623 1632
1623 1633
1623 1634
1625 1614
1626 1615
1627 1615
1629 1616
1630 1631
1632 1623
1634 1623
1639 1614
1639 1640
1640 1639
1642 1646
1642 1647
1642 1648
1642 1649
1642 1650
1642 1659
1642 1660
1642 1661
1642 1672
1643 1644
1643 1645
1643 1654
1643 1655
1644 1643
1644 1645
1645 1643
1645 1644
1646 1642
1646 1670
1646 1671
1647 1642
1647 1648
1647 1649
1647 1659
1647 1660
1648 1642
1648 1647
1648 1649
1648 1661
1649 1642
1649 1647
1649 1648
1649 1650
1649 1662
1649 1673
1650 1642
1650 1662
1651 1650
1655 1643
1655 1644
1655 1654
1656 1668
1659 1642
1659 1647
1659 1660
1659 1672
1660 1642
1660 1659
1661 1647
1661 1648
1662 1649
1662 1650
1662 1673
1663 1674
1664 1665
1665 1643
1665 1664
1668 1656
1672 1642
1672 1659
1673 1649
1673 1662
1674 1663
1675 1719
1675 1745
1676 1678
1676 1682
1676 1683
1676 1699
1676 1700
1676 1701
1677 1680
1677 1681
1677 1687
1677 1688
1677 1689
1678 1676
1678 1679
1678 1690
1678 1696
1678 1697
1678 1698
1679 1676
1679 1678
1679 1682
1679 1690
1679 1699
1680 1695
1681 1677
1681 1687
1681 1688
1682 1676
1682 1679
1682 1683
1682 1700
1683 1676
1683 1701
1684 1685
1684 1691
1684 1704
1685 1704
1686 1675
1686 1693
1687 1677
1688 1677
1688 1681
1688 1687
1689 1677
1690 1678
1690 1679
1691 1684
1691 1702
1691 1703
1692 1705
1693 1686
1696 1678
1696 1697
1697 1678
1697 1696
1698 1678
1699 1676
1699 1679
1700 1676
1701 1676
1701 1682
1702 1684
1702 1691
1703 1684
1703 1691
1703 1702
1704 1684
1704 1685
1707 1709
1707 1712
1707 1721
1707 1722
1709 1707
1709 1712
1709 1723
1710 1706
1711 1707
1711 1721
1712 1707
1712 1709
1712 1723
1713 1714
1713 1725
1714 1713
1714 1726
1714 1727
1716 1732
1716 1733
1717 1738
1718 1739
1718 1740
1721 1707
1721 1711
1723 1709
1723 1712
1725 1713
1725 1724
1725 1726
1726 1713
1726 1714
1727 1713
1733 1716
1735 1734
1737 1736
1737 1738
1741 1740
1746 1748
1746 1755
1746 1767
1748 1746
1748 1765
1748 1766
1749 1750
1751 1769
1751 1770
1752 1708
1752 1772
1753 1747
1760 1759
1760 1761
1765 1766
1769 1751
1770 1751
1771 1751
1772 1752
1773 1746
1773 1747
1773 1774
1773 1775
1773 1776
1773 1777
1773 1778
1773 1779
1773 1780
1773 1781
1773 1782
1773 1783
1773 1784
1773 1785
1773 1786
1773 1787
1773 1788
1773 1789
1773 1790
1773 1791
1773 1792
1773 1793
1773 1794
1773 1795
1773 1796
1773 1797
1773 1798
1773 1799
1773 1800
1773 1801
1773 1806
1773 1829
1774 1747
1774 1773
1774 1777
1774 1778
1774 1788
1774 1789
1774 1799
1774 1801
1774 1802
1775 1773
1775 1781
1775 1782
1775 1783
1775 1791
1776 1780
1776 1790
1777 1773
1777 1774
1777 1787
1777 1799
1777 1800
1778 1773
1778 1774
1778 1788
1779 1773
1779 1776
1780 1773
1780 1775
1780 1776
1781 1773
1781 1775
1781 1791
1782 1775
1782 1783
1783 1773
1783 1775
1783 1782
1784 1773
1784 1796
1785 1773
1785 1786
1785 1797
1785 1798
1786 1773
1786 1785
1786 1798
1787 1773
1787 1774
1787 1799
1787 1800
1788 1773
1788 1774
1788 1778
1789 1773
1789 1774
1790 1773
1790 1779
1791 1773
1791 1775
1792 1773
1792 1775
1794 1773
1795 1773
1797 1773
1798 1773
1798 1785
1798 1786
1799 1773
1799 1777
1799 1787
1799 1800
1800 1773
1800 1777
1800 1799
1801 1773
1801 1774
1801 1788
1804 1815
1804 1816
1805 1804
1808 1817
1810 1819
1812 1823
1812 1824
1815 1805
1816 1805
1824 1812
1824 1823
1827 1806
1828 1806
1828 1827
1829 1814
1829 1840
1830 1842
1831 1832
1831 1837
1831 1838
1832 1831
1832 1838
1832 1856
1833 1844
1835 1849
1835 1850
1836 1855
1838 1831
1839 1814
1839 1829
1843 1833
1848 1849
1849 1850
1850 1835
1851 1835
1855 1836
1858 1860
1858 1862
1858 1863
1858 1874
1858 1875
1858 1876
1858 1877
1858 1878
1859 1870
1860 1858
1860 1862
1861 1865
1861 1872
1861 1889
1861 1890
1862 1858
1862 1860
1862 1874
1862 1875
1862 1876
1863 1858
1863 1860
1863 1869
1863 1879
1864 1872
1864 1888
1864 1889
1864 1890
1870 1859
1870 1882
1872 1861
1872 1889
1872 1890
1874 1858
1875 1862
1876 1858
1876 1862
1878 1858
1878 1860
1879 1860
1882 1870
1882 1883
1882 1884
1883 1882
1883 1884
1886 1871
1888 1864
1888 1889
1889 1861
1889 1872
1890 1864
1890 1872
1891 1900
1892 1891
1892 1900
1896 1897
1896 1905
1897 1896
1897 1904
1898 1899
1903 1895
1905 1896
1905 1897
1905 1904
1909 1910
1913 29
1913 30
1913 244
1913 1773
1913 1914
1913 1915
1913 1916
1913 1917
1913 1918
1913 1919
1913 1920
1913 1921
1913 1922
1913 1923
1913 1925
1913 1926
1913 1927
1913 1928
1913 1929
1913 1930
1913 1931
1913 1932
1913 1933
1913 1936
1913 1937
1913 1938
1913 1939
1913 1943
1913 1947
1913 1948
1913 1949
1913 1950
1913 1960
1913 1961
1913 1962
1913 1963
1913 1964
1913 1965
1913 1969
1914 1913
1914 1928
1914 1929
1915 1913
1916 1913
1916 1918
1918 1913
1918 1916
1920 1913
1920 1927
1921 1913
1923 1913
1925 1913
1926 1913
1927 1913
1928 1914
1929 1913
1929 1914
1930 1913
1931 1913
1931 1921
1935 1
1935 2
1935 3
1935 29
1935 30
1935 31
1935 63
1935 64
1935 65
1935 100
1935 125
1935 244
1935 307
1935 415
1935 416
1935 496
1935 1090
1935 1211
1935 1318
1935 1773
1935 1774
1935 1829
1935 1830
1935 1831
1935 1858
1935 1859
1935 1860
1935 1861
1935 1862
1935 1891
1935 1892
1935 1893
1935 1894
1935 1895
1935 1913
1935 1914
1935 1915
1935 1916
1935 1917
1935 1918
1935 1919
1935 1920
1935 1921
1935 1922
1935 1923
1935 1924
1935 1925
1935 1926
1935 1927
1935 1928
1935 1929
1935 1930
1935 1931
1935 1932
1935 1933
1935 1936
1935 1937
1935 1938
1935 1939
1935 1940
1935 1941
1935 1942
1935 1943
1935 1944
1935 1945
1935 1946
1935 1947
1935 1948
1935 1949
1935 1950
1935 1951
1935 1953
1935 1954
1935 1955
1935 1956
1935 1957
1935 1959
1935 1961
1935 1962
1935 1964
1935 1965
1935 1966
1935 1967
1935 1968
1935 1969
1935 1970
1935 1971
1935 1972
1935 1973
1935 1974
1935 1975
1935 1976
1935 1977
1935 1978
1935 1979
1935 1980
1935 1981
1935 1982
1935 1983
1935 1984
1935 1985
1935 1986
1935 1987
1935 1988
1935 1989
1935 1990
1935 1991
1935 1992
1935 1993
1935 1994
1935 1995
1935 1996
1935 1997
1935 1998
1935 1999
1935 2000
1935 2001
1935 2002
1935 2003
1935 2004
1935 2005
1935 2009
1935 2012
1935 2013
1935 2014
1935 2016
1935 2017
1935 2018
1935 2019
1935 2020
1935 2021
1935 2022
1935 2023
1935 2024
1935 2025
1935 2026
1935 2027
1936 1938
1936 1943
1936 1945
1936 1946
1936 1947
1936 1957
1936 1958
1937 1917
1937 1935
1937 1939
1937 1962
1937 1963
1937 1964
1937 1965
1938 1935
1938 1936
1938 1960
1939 1935
1939 1937
1939 1962
1940 1935
1940 1951
1941 1935
1941 1940
1942 1935
1942 1941
1943 1935
1943 1936
1943 1944
1943 1945
1943 1946
1944 1935
1944 1943
1944 1945
1944 1955
1945 1946
1946 1935
1946 1936
1946 1943
1946 1944
1946 1945
1946 1955
1947 1935
1947 1936
1947 1958
1949 1935
1949 1961
1950 1935
1950 1965
1951 1935
1951 1940
1953 1935
1953 1952
1954 1935
1955 1935
1955 1943
1955 1945
1955 1946
1956 1936
1958 1936
1958 1947
1961 1949
1962 1935
1962 1937
1962 1939
1963 1937
1964 1935
1965 1937
1966 1970
1966 1975
1966 1976
1967 1968
1967 1971
1967 1978
1967 1987
1967 1988
1969 1973
1969 1982
1969 1991
1969 1992
1969 1993
1970 1966
1970 1976
1971 1967
1972 1968
1972 1979
1973 1969
1976 1966
1977 1978
1978 1967
1978 1977
1979 1968
1982 1991
1982 1992
1982 1993
1991 1969
1991 1992
1991 1993
1992 1969
1992 1982
1992 1991
1993 1991
1996 1997
1996 2001
1997 1996
1997 2005
1997 2011
1998 2002
1998 2006
1999 2000
2000 2004
2001 1997
2003 1999
2003 2004
2005 1996
2010 2001
2011 1997
2018 2023
2018 2028
2018 2034
2018 2035
2019 2020
2019 2021
2019 2033
2020 2019
2020 2021
2020 2022
2020 2025
2020 2026
2020 2027
2020 2044
2020 2045
2021 2019
2021 2020
2021 2022
2021 2033
2021 2046
2021 2047
2022 2019
2022 2020
2022 2021
2022 2033
2023 2035
2023 2036
2024 2037
2024 2038
2024 2039
2025 2026
2025 2042
2025 2043
2026 2025
2026 2027
2027 2020
2028 2018
2028 2034
2029 2037
2031 2032
2031 2041
2034 2018
2034 2028
2035 2018
2035 2023
2036 2023
2037 2024
2037 2038
2038 2024
2038 2029
2038 2037
2039 2029
2041 2031
2041 2032
2042 2025
2046 2047
2047 2021
2047 2046
