1 4
2 3
2 9
2 26
2 27
3 2
3 9
3 30
4 1
6 7
7 6
7 19
7 20
7 21
9 2
9 3
10 11
11 10
12 17
17 12
19 7
20 7
20 21
21 7
21 20
23 24
24 23
26 2
27 2
30 3
33 38
33 39
34 41
34 50
34 51
35 45
36 46
37 42
38 33
39 33
41 34
42 37
45 35
46 36
50 34
51 34
52 53
52 54
52 56
53 52
53 56
53 57
53 60
54 52
55 58
55 59
55 61
56 52
56 53
56 57
56 60
57 53
57 56
57 60
58 55
58 61
59 55
60 53
60 56
60 57
61 55
61 58
61 73
65 66
66 65
73 61
75 76
76 75
79 52
79 80
79 81
79 82
79 83
79 84
79 85
79 86
79 89
79 90
79 97
79 98
79 111
79 112
79 113
79 114
79 118
79 128
79 129
79 130
79 144
79 171
80 79
80 82
80 85
80 89
80 90
81 79
81 87
81 93
81 94
81 103
81 104
82 79
82 80
82 85
82 91
82 92
82 99
83 79
84 79
85 79
85 80
85 82
85 92
85 99
86 79
87 81
88 108
89 79
89 80
90 79
90 80
91 82
92 82
92 85
93 81
94 81
97 79
98 79
99 82
99 85
103 81
104 81
105 106
106 105
108 88
110 111
110 119
110 150
111 110
111 112
111 113
111 114
111 115
111 116
111 117
111 122
111 123
111 135
111 136
111 137
112 111
112 113
112 117
112 122
112 135
112 136
112 137
113 111
113 112
113 114
113 117
113 123
114 111
114 113
114 124
115 111
115 116
116 111
116 115
117 111
117 112
117 113
117 123
118 128
119 110
122 111
122 112
122 135
123 111
123 113
123 117
124 114
125 142
128 118
129 130
130 129
135 111
135 112
135 122
136 111
136 112
137 111
137 112
142 125
146 79
146 80
146 81
146 110
146 111
146 112
146 113
146 114
146 147
146 148
146 149
146 150
146 151
146 152
146 153
146 154
146 155
146 156
146 160
146 161
146 162
146 171
146 172
146 180
146 199
146 232
146 263
146 297
146 322
146 323
146 359
146 651
146 1948
147 146
148 146
149 146
149 166
149 167
149 168
150 146
151 146
152 146
153 146
154 146
155 146
156 146
160 146
161 146
162 146
166 149
167 149
167 168
168 149
168 167
171 79
171 111
171 172
171 174
171 177
171 178
171 179
171 189
171 190
171 191
171 192
171 199
171 201
171 203
171 232
171 322
171 323
171 359
172 151
172 158
172 171
172 180
173 182
174 171
174 189
177 171
178 171
179 171
180 172
182 173
189 171
189 174
190 171
191 171
192 171
198 226
199 201
199 202
199 203
200 204
201 199
201 202
201 203
202 199
202 201
202 203
202 217
203 199
203 201
203 202
203 217
204 200
204 218
207 222
208 209
209 208
211 212
212 211
215 229
217 202
217 203
218 204
222 207
223 224
224 223
226 198
229 215
232 233
232 236
232 243
232 244
232 254
232 255
232 263
233 232
233 257
234 239
234 240
235 241
235 251
236 232
236 243
236 244
236 256
237 261
239 234
240 234
241 235
243 232
243 236
244 232
244 236
244 256
246 247
247 246
248 249
249 248
251 235
254 232
255 232
256 236
256 244
257 233
257 258
258 257
261 237
262 263
262 264
262 265
262 266
262 271
262 281
262 282
263 232
263 262
263 264
263 265
263 266
263 267
263 268
263 271
263 272
263 273
263 283
263 284
264 262
264 263
264 266
264 267
264 268
264 269
264 274
264 275
264 276
264 277
264 278
265 262
265 263
265 271
265 272
266 262
266 263
266 264
266 268
266 285
267 263
267 264
267 286
267 287
268 263
268 264
268 266
268 269
268 285
269 264
269 268
269 274
270 296
271 262
271 263
271 265
272 263
272 265
273 263
274 264
274 269
275 264
276 264
277 264
278 264
281 262
282 262
283 263
284 263
285 266
285 268
286 267
287 267
291 292
292 291
293 294
294 293
296 270
297 79
297 146
297 171
297 232
297 262
297 263
297 264
297 265
297 266
297 267
297 268
297 271
297 298
297 299
297 301
297 302
297 303
297 304
297 305
297 312
297 313
297 314
297 315
297 316
297 317
297 318
297 319
297 320
297 322
297 323
297 324
297 326
297 327
297 331
297 333
297 334
297 359
297 375
297 407
297 542
297 651
297 690
297 691
298 297
298 299
299 297
299 298
299 303
299 313
301 297
302 297
303 297
303 299
304 297
305 297
305 315
312 297
313 297
313 299
314 297
315 297
315 305
316 297
316 317
317 297
317 316
318 297
319 297
320 297
322 171
322 232
322 262
322 263
322 264
322 298
322 323
322 324
322 325
322 326
322 327
322 328
322 330
322 331
322 332
322 333
322 334
322 338
322 339
322 340
322 341
322 352
322 353
322 354
322 355
322 356
322 357
322 359
322 362
322 375
322 407
323 171
323 232
323 262
323 263
323 264
323 298
323 299
323 300
323 301
323 306
323 307
323 322
323 324
323 326
323 327
323 330
323 331
323 332
323 333
323 334
323 338
323 339
323 340
323 341
323 355
323 356
323 357
323 358
323 359
323 375
323 407
324 322
324 323
324 327
324 331
324 332
324 333
324 338
324 339
324 340
324 354
325 322
325 342
325 362
326 322
326 323
326 330
326 336
327 322
327 323
327 324
327 331
327 332
327 339
328 322
328 345
329 346
330 322
330 323
330 326
331 322
331 323
331 324
331 327
331 332
331 338
331 353
332 322
332 323
332 324
332 327
332 331
332 353
333 322
333 323
333 324
333 334
333 341
333 356
334 322
334 323
334 333
335 347
336 326
338 322
338 323
338 324
338 331
338 352
339 322
339 323
339 324
339 327
340 322
340 323
340 324
341 322
341 323
341 333
342 325
345 328
346 329
347 335
352 322
352 338
353 322
353 331
353 332
354 322
354 324
355 322
355 323
356 322
356 323
356 333
357 322
357 323
358 323
359 171
359 232
359 262
359 263
359 322
359 323
359 324
359 325
359 326
359 327
359 328
359 329
359 330
359 331
359 335
359 342
359 343
359 344
359 360
359 361
359 362
359 363
359 367
359 374
359 375
359 407
359 542
359 691
360 359
361 359
361 372
362 359
362 363
363 359
363 362
367 359
368 369
369 368
372 361
374 359
375 376
375 380
375 388
375 398
375 399
376 375
376 395
377 381
377 390
378 379
378 384
378 392
379 378
379 384
380 375
380 388
381 377
382 391
384 378
384 379
384 392
388 375
388 380
390 377
391 382
392 378
392 384
395 376
398 375
399 375
407 322
407 323
407 359
407 375
407 408
407 409
407 410
407 411
407 412
407 413
407 415
407 425
407 426
407 443
407 470
407 542
408 407
408 412
409 407
409 413
409 414
409 417
409 418
410 407
410 411
411 407
411 410
411 423
411 424
412 407
412 408
412 426
412 427
413 407
413 409
413 414
413 416
414 409
414 413
414 417
414 438
415 407
416 413
416 437
417 409
417 414
417 438
418 409
420 421
421 420
423 411
423 424
424 411
424 423
425 407
426 407
426 412
427 412
437 416
438 414
438 417
443 450
444 454
444 487
447 448
448 447
450 443
451 452
452 451
454 444
469 470
469 471
469 474
469 477
469 478
469 488
469 489
469 509
469 511
469 518
469 519
470 469
470 471
470 472
470 473
470 475
470 476
470 484
470 500
470 501
470 509
471 469
471 470
471 472
471 473
471 475
471 476
471 484
472 470
472 471
472 473
472 475
472 476
472 484
473 470
473 471
473 472
473 485
474 469
474 477
474 488
474 489
475 470
475 471
475 472
475 499
476 470
476 471
476 472
477 469
477 474
478 469
479 490
482 496
483 497
484 470
484 471
484 472
485 473
486 504
488 469
488 474
489 469
489 474
490 479
496 482
497 483
499 475
500 470
501 470
504 486
507 79
507 146
507 171
507 232
507 262
507 263
507 264
507 297
507 322
507 323
507 324
507 359
507 375
507 376
507 407
507 408
507 409
507 443
507 444
507 445
507 469
507 470
507 471
507 472
507 473
507 474
507 475
507 476
507 477
507 478
507 479
507 480
507 481
507 482
507 484
507 487
507 508
507 509
507 510
507 511
507 512
507 513
507 514
507 515
507 516
507 517
507 518
507 519
507 520
507 521
507 522
507 523
507 524
507 525
507 526
507 527
507 528
507 529
507 530
507 531
507 532
507 533
507 534
507 535
507 536
507 537
507 538
507 539
507 540
507 541
507 542
507 543
507 544
507 545
507 546
507 547
507 548
507 549
507 551
507 552
507 553
507 554
507 555
507 556
507 557
507 558
507 565
507 568
507 572
507 573
507 574
507 575
507 576
507 577
507 578
507 579
507 580
507 581
507 582
507 583
507 584
507 585
507 586
507 587
507 588
507 589
507 590
507 592
507 594
507 622
507 623
507 624
507 627
507 651
507 652
507 653
507 689
507 690
507 691
507 692
507 693
507 694
507 784
507 818
507 819
507 856
507 857
507 858
507 887
507 953
507 954
507 955
507 1020
507 1021
507 1224
507 1264
507 1332
507 1366
507 1367
507 1465
507 1531
507 1532
507 1573
507 1879
507 1948
508 79
508 146
508 171
508 232
508 262
508 263
508 297
508 322
508 323
508 359
508 375
508 407
508 408
508 443
508 469
508 470
508 471
508 472
508 473
508 474
508 475
508 476
508 477
508 478
508 507
508 509
508 510
508 511
508 512
508 513
508 514
508 515
508 516
508 517
508 518
508 519
508 520
508 521
508 522
508 523
508 524
508 525
508 526
508 527
508 528
508 529
508 530
508 531
508 532
508 533
508 534
508 535
508 536
508 537
508 538
508 539
508 540
508 542
508 543
508 544
508 545
508 546
508 547
508 548
508 549
508 555
508 556
508 557
508 558
508 581
508 582
508 583
508 584
508 622
508 623
508 624
508 651
508 689
508 690
508 691
508 692
508 693
508 784
508 818
508 856
508 887
508 953
508 954
508 1367
508 1465
508 1879
508 1948
509 507
509 508
509 510
509 511
509 514
509 515
509 516
509 537
509 538
510 507
510 508
510 509
510 533
510 534
511 507
511 508
511 509
511 517
511 540
512 507
512 508
513 507
513 508
513 528
514 507
514 508
514 509
515 507
515 508
515 509
515 535
516 507
516 508
516 509
517 507
517 508
517 511
518 507
518 508
519 507
519 508
520 507
520 508
521 507
521 508
522 507
522 508
523 507
523 508
524 507
524 508
525 507
525 508
526 507
526 508
527 507
527 508
528 507
528 508
528 513
529 507
529 508
530 507
530 508
531 507
531 508
532 507
532 508
533 507
533 508
533 510
534 507
534 508
534 510
535 507
535 508
535 515
536 507
536 508
537 507
537 508
537 509
538 507
538 508
538 509
539 507
539 508
540 507
540 508
540 511
541 507
542 359
542 407
542 469
542 470
542 509
542 543
542 544
542 545
542 546
542 547
542 548
542 549
542 553
542 554
542 563
542 564
542 565
542 566
542 567
542 568
542 569
542 570
542 582
542 583
542 584
542 690
542 691
543 542
543 544
543 546
543 555
543 557
543 558
543 579
543 580
544 542
544 543
544 558
545 542
545 548
545 565
545 567
546 542
546 543
547 542
547 553
548 542
548 545
548 565
548 566
548 567
549 542
552 560
553 542
553 547
554 542
555 543
557 543
558 543
558 544
560 552
561 562
562 561
563 542
564 542
565 542
565 545
565 548
565 566
566 542
566 548
566 565
567 542
567 545
567 548
568 542
569 542
570 542
570 571
571 570
574 575
575 574
576 577
577 576
579 543
580 543
582 588
582 611
582 612
583 584
583 618
583 619
583 620
583 621
584 583
585 601
586 604
587 592
588 582
589 594
589 595
590 596
592 587
592 609
593 610
594 589
594 595
595 589
595 594
596 590
601 585
604 586
609 592
610 593
611 582
611 612
612 582
612 611
618 583
619 583
620 583
621 583
622 626
623 644
624 627
624 632
625 635
626 622
626 628
627 624
628 626
629 630
630 629
632 624
634 648
635 625
636 637
637 636
644 623
648 634
651 146
651 297
651 322
651 323
651 359
651 407
651 469
651 470
651 542
651 543
651 582
651 583
651 622
651 623
651 624
651 625
651 626
651 627
651 628
651 652
651 653
651 654
651 655
651 656
651 657
651 658
651 659
651 660
651 661
651 662
651 675
651 677
651 679
651 680
651 681
651 682
651 683
651 684
651 685
651 686
651 687
651 688
651 690
651 691
651 692
651 693
651 694
651 695
651 699
651 784
651 818
651 856
651 954
652 651
652 665
652 666
652 667
652 693
653 651
653 660
653 680
653 681
654 651
654 662
655 651
656 651
657 651
657 658
657 675
658 651
658 657
658 675
659 651
659 676
660 651
660 653
660 681
660 682
661 651
662 651
662 654
665 652
665 666
666 652
666 665
667 652
675 651
675 657
675 658
676 659
677 651
677 678
678 677
679 651
680 651
680 653
681 651
681 653
681 660
681 682
682 651
682 660
682 681
683 651
684 651
685 651
686 651
687 651
688 651
689 146
689 171
689 297
689 322
689 323
689 359
689 375
689 407
689 469
689 470
689 508
689 509
689 542
689 543
689 544
689 582
689 583
689 622
689 623
689 624
689 651
689 652
689 653
689 654
689 655
689 663
689 690
689 691
689 692
689 693
689 694
689 695
689 696
689 697
689 698
689 699
689 700
689 701
689 702
689 703
689 704
689 705
689 706
689 707
689 708
689 709
689 710
689 711
689 712
689 713
689 714
689 715
689 716
689 717
689 718
689 719
689 721
689 722
689 723
689 724
689 725
689 726
689 727
689 730
689 745
689 746
689 747
689 751
689 784
689 785
689 786
689 787
689 789
689 818
689 819
689 820
689 856
689 857
689 858
689 887
689 953
689 954
689 955
689 1021
689 1332
689 1367
689 1465
689 1532
689 1879
690 542
690 652
690 653
690 689
690 691
690 692
690 693
690 694
690 695
690 696
690 697
690 698
690 699
690 706
690 707
690 708
690 713
690 714
690 715
690 716
690 717
690 718
690 784
690 818
691 359
691 542
691 652
691 653
691 655
691 663
691 664
691 665
691 666
691 667
691 668
691 689
691 690
691 692
691 693
691 694
691 695
691 696
691 697
691 698
691 699
691 706
691 708
691 719
691 720
691 784
691 818
691 856
692 689
692 690
692 691
692 693
692 694
692 695
692 696
692 701
692 702
692 703
692 704
692 705
692 709
693 652
693 689
693 690
693 691
693 692
693 699
693 708
694 689
694 690
694 691
694 692
694 695
694 696
694 711
695 689
695 690
695 691
695 692
695 694
695 697
695 713
696 689
696 690
696 691
696 692
696 694
696 711
697 689
697 690
697 691
697 695
698 689
698 690
698 691
699 689
699 690
699 691
699 693
700 689
701 689
701 692
702 689
702 692
702 703
703 689
703 692
703 702
704 689
704 692
705 689
705 692
705 709
706 689
706 690
706 691
706 707
707 689
707 690
707 706
707 715
708 689
708 690
708 691
708 693
708 720
709 689
709 692
709 705
710 689
711 689
711 694
711 696
712 689
713 689
713 690
713 695
714 689
714 690
715 689
715 690
715 707
716 689
716 690
717 689
717 690
718 689
718 690
719 689
719 691
720 691
720 708
721 722
721 724
721 731
722 721
722 723
723 722
723 732
724 721
727 735
731 721
732 723
735 727
745 748
745 789
746 750
746 756
746 757
746 770
746 771
746 772
747 762
747 763
747 764
747 778
748 745
748 752
750 746
750 757
750 770
750 771
751 765
752 748
753 754
754 753
756 746
757 746
757 750
759 774
760 776
762 747
763 747
763 778
764 747
765 751
770 746
770 750
771 746
771 750
772 746
774 759
776 760
778 747
778 763
784 690
784 691
784 745
784 785
784 786
784 787
784 788
784 789
784 790
784 791
784 792
784 794
784 795
784 796
784 806
784 808
784 809
784 810
784 818
784 819
784 820
784 824
784 856
784 887
785 784
785 790
785 804
785 805
785 819
785 820
786 784
786 787
786 810
787 784
787 786
787 788
787 796
787 811
787 813
788 784
788 787
788 796
788 813
789 784
789 792
789 798
789 815
789 816
790 784
790 785
791 784
792 784
792 789
792 814
794 784
795 784
796 784
796 787
796 788
798 789
800 801
801 800
804 785
805 785
806 784
808 784
809 784
810 784
810 786
811 787
811 812
812 811
813 787
813 788
814 792
815 789
816 789
818 690
818 691
818 784
818 785
818 819
818 820
818 821
818 822
818 823
818 825
818 826
818 827
818 839
818 840
818 841
818 856
818 857
818 858
818 868
818 887
818 954
819 785
819 818
819 820
819 824
819 833
819 851
819 852
819 853
820 785
820 818
820 819
820 824
820 853
820 854
821 818
822 818
822 823
822 844
823 818
823 822
824 819
824 820
825 818
826 818
827 818
827 828
828 827
829 846
830 831
831 830
833 819
833 834
833 855
834 833
834 855
835 836
836 835
839 818
840 818
841 818
844 822
846 829
851 819
852 819
853 819
853 820
854 820
855 833
855 834
856 691
856 784
856 818
856 819
856 857
856 858
856 859
856 860
856 861
856 862
856 864
856 870
856 871
856 887
856 888
856 889
856 890
856 915
856 916
856 953
856 954
856 955
857 856
857 858
857 859
857 860
857 861
857 862
857 870
857 887
857 890
858 856
858 857
858 867
858 882
858 883
859 856
859 857
860 856
860 857
860 861
861 856
861 857
861 860
862 856
862 857
862 873
864 856
867 858
870 856
870 857
871 856
873 862
882 858
883 858
887 857
887 858
887 888
887 889
887 890
887 894
887 895
887 910
887 911
887 912
887 913
888 887
888 893
889 887
889 911
890 887
893 888
894 887
894 910
895 887
895 913
903 904
904 903
910 887
910 894
911 887
911 889
912 887
913 887
913 895
917 920
917 921
917 922
917 936
917 937
918 919
918 926
918 927
918 947
919 918
919 926
920 917
920 921
920 930
921 917
921 920
921 936
922 917
923 924
923 931
924 923
924 931
925 933
925 944
926 918
926 919
927 918
927 949
928 951
930 920
931 923
931 924
932 942
933 925
936 917
936 921
937 917
940 941
941 940
942 932
944 925
945 946
946 945
947 918
949 927
951 928
953 856
953 887
953 954
953 955
953 956
953 957
953 958
953 961
953 962
953 968
953 969
953 986
953 990
953 992
953 1019
953 1021
954 818
954 856
954 887
954 953
954 955
954 956
954 957
954 958
954 959
954 962
954 963
954 964
954 970
954 971
954 986
954 992
954 1021
955 953
955 954
955 956
955 959
955 960
955 964
955 965
955 966
955 967
955 974
955 976
955 977
955 978
955 979
956 953
956 954
956 955
956 957
956 961
956 968
956 969
956 986
956 992
957 953
957 954
957 956
957 968
958 953
958 954
958 963
959 954
959 955
960 955
960 981
961 953
961 956
962 953
962 954
963 954
963 958
964 954
964 955
964 972
964 973
965 955
966 955
966 974
966 975
967 955
968 953
968 956
968 957
969 953
969 956
970 954
971 954
972 964
973 964
974 955
974 966
975 966
976 955
977 955
978 955
978 979
979 955
979 978
981 960
983 984
984 983
986 992
986 1016
986 1017
987 1005
989 997
989 1009
990 991
990 1013
991 990
991 1013
992 986
992 1019
993 1006
997 989
997 1009
997 1010
1005 987
1006 993
1007 1008
1008 1007
1009 989
1009 997
1009 1010
1010 997
1010 1009
1013 990
1013 991
1016 986
1016 1017
1017 986
1017 1016
1019 992
1020 79
1020 146
1020 171
1020 232
1020 262
1020 263
1020 297
1020 322
1020 323
1020 359
1020 375
1020 407
1020 469
1020 470
1020 507
1020 508
1020 509
1020 542
1020 543
1020 651
1020 652
1020 689
1020 690
1020 691
1020 692
1020 693
1020 745
1020 784
1020 785
1020 786
1020 787
1020 789
1020 818
1020 819
1020 820
1020 856
1020 857
1020 858
1020 887
1020 888
1020 889
1020 890
1020 917
1020 918
1020 919
1020 920
1020 921
1020 922
1020 923
1020 924
1020 925
1020 926
1020 927
1020 928
1020 953
1020 954
1020 955
1020 956
1020 957
1020 958
1020 959
1020 960
1020 961
1020 962
1020 963
1020 964
1020 965
1020 968
1020 970
1020 986
1020 987
1020 988
1020 989
1020 990
1020 991
1020 992
1020 993
1020 994
1020 995
1020 996
1020 997
1020 998
1020 999
1020 1000
1020 1001
1020 1002
1020 1003
1020 1004
1020 1005
1020 1006
1020 1007
1020 1008
1020 1009
1020 1010
1020 1011
1020 1012
1020 1013
1020 1014
1020 1015
1020 1016
1020 1019
1020 1021
1020 1022
1020 1023
1020 1024
1020 1025
1020 1026
1020 1027
1020 1028
1020 1029
1020 1030
1020 1031
1020 1032
1020 1033
1020 1034
1020 1035
1020 1036
1020 1037
1020 1038
1020 1039
1020 1040
1020 1041
1020 1042
1020 1043
1020 1044
1020 1045
1020 1046
1020 1047
1020 1048
1020 1049
1020 1050
1020 1051
1020 1052
1020 1053
1020 1054
1020 1055
1020 1056
1020 1057
1020 1058
1020 1059
1020 1060
1020 1061
1020 1062
1020 1063
1020 1064
1020 1065
1020 1066
1020 1067
1020 1073
1020 1077
1020 1080
1020 1081
1020 1084
1020 1085
1020 1086
1020 1087
1020 1089
1020 1090
1020 1091
1020 1092
1020 1093
1020 1094
1020 1095
1020 1096
1020 1098
1020 1104
1020 1107
1020 1114
1020 1115
1020 1116
1020 1118
1020 1119
1020 1121
1020 1142
1020 1143
1020 1144
1020 1176
1020 1178
1020 1201
1020 1224
1020 1225
1020 1264
1020 1265
1020 1294
1020 1300
1020 1332
1020 1366
1020 1367
1020 1427
1020 1465
1020 1466
1020 1499
1020 1531
1020 1532
1020 1573
1020 1603
1020 1786
1020 1879
1020 1880
1020 1948
1021 953
1021 954
1021 1020
1021 1022
1021 1023
1021 1024
1021 1025
1021 1026
1021 1031
1021 1032
1021 1033
1021 1036
1021 1037
1021 1038
1021 1039
1021 1054
1021 1055
1021 1060
1021 1061
1021 1067
1021 1085
1021 1086
1021 1089
1022 1020
1022 1021
1022 1023
1022 1025
1022 1041
1023 1020
1023 1021
1023 1022
1023 1041
1023 1042
1024 1020
1024 1021
1024 1031
1024 1032
1024 1036
1025 1020
1025 1021
1025 1022
1026 1020
1026 1021
1026 1034
1026 1044
1027 1020
1028 1020
1028 1029
1028 1035
1029 1020
1029 1028
1030 1020
1030 1049
1030 1050
1031 1020
1031 1021
1031 1024
1032 1020
1032 1021
1032 1024
1033 1020
1033 1021
1033 1038
1034 1020
1034 1026
1034 1045
1035 1020
1035 1028
1036 1020
1036 1021
1036 1024
1037 1020
1037 1021
1038 1020
1038 1021
1038 1033
1039 1020
1039 1021
1040 1020
1041 1020
1041 1022
1041 1023
1042 1020
1042 1023
1043 1020
1044 1020
1044 1026
1045 1020
1045 1034
1046 1020
1047 1020
1048 1020
1049 1020
1049 1030
1050 1020
1050 1030
1051 1020
1052 1020
1053 1020
1054 1055
1054 1059
1055 1054
1055 1059
1055 1066
1055 1076
1056 1063
1056 1069
1057 1058
1058 1057
1059 1054
1059 1055
1060 1080
1060 1081
1061 1084
1063 1056
1066 1055
1066 1076
1069 1056
1076 1055
1076 1066
1080 1060
1081 1060
1082 1083
1083 1082
1084 1061
1089 1090
1089 1091
1089 1092
1089 1095
1089 1097
1089 1108
1089 1116
1090 1089
1090 1097
1090 1116
1091 1089
1091 1092
1092 1089
1092 1091
1093 1094
1093 1096
1093 1106
1094 1093
1094 1096
1094 1107
1094 1113
1095 1089
1096 1093
1096 1094
1096 1107
1096 1113
1097 1089
1097 1090
1098 1110
1106 1093
1107 1094
1107 1096
1108 1089
1110 1098
1113 1094
1113 1096
1114 1129
1115 1119
1115 1120
1115 1132
1116 1090
1116 1095
1117 1125
1119 1115
1119 1131
1120 1115
1125 1117
1127 1128
1128 1127
1129 1114
1131 1119
1132 1115
1138 1139
1139 1138
1142 1147
1143 1151
1145 1146
1146 1145
1147 1142
1150 1170
1151 1143
1153 1175
1157 1158
1158 1157
1170 1150
1175 1153
1176 1177
1176 1192
1176 1193
1177 1176
1177 1193
1178 1196
1179 1182
1179 1189
1181 1194
1181 1195
1182 1179
1185 1186
1186 1185
1189 1179
1192 1176
1193 1176
1193 1177
1194 1181
1195 1181
1196 1178
1201 1202
1201 1213
1202 1201
1202 1215
1207 1208
1208 1207
1213 1201
1213 1214
1214 1213
1215 1202
1224 1225
1224 1226
1224 1227
1224 1228
1224 1231
1224 1232
1224 1233
1224 1234
1224 1245
1224 1246
1224 1247
1224 1248
1224 1249
1224 1250
1224 1264
1224 1265
1224 1268
1224 1332
1225 1224
1225 1227
1225 1228
1225 1234
1225 1251
1226 1224
1226 1245
1227 1224
1227 1225
1227 1228
1227 1234
1228 1224
1228 1225
1228 1227
1229 1240
1231 1224
1231 1249
1231 1250
1232 1224
1233 1224
1234 1224
1234 1225
1234 1227
1235 1252
1236 1253
1239 1257
1240 1229
1245 1224
1245 1226
1246 1224
1247 1224
1248 1224
1249 1224
1249 1231
1250 1224
1250 1231
1251 1225
1252 1235
1253 1236
1254 1255
1255 1254
1257 1239
1264 1224
1264 1265
1264 1266
1264 1267
1264 1269
1264 1270
1264 1271
1264 1272
1264 1277
1264 1278
1264 1279
1264 1280
1264 1294
1264 1298
1264 1299
1264 1300
1264 1301
1264 1312
1264 1332
1265 1264
1265 1289
1266 1264
1266 1271
1266 1281
1267 1264
1267 1273
1267 1284
1269 1264
1270 1264
1270 1280
1271 1264
1271 1266
1272 1264
1273 1267
1274 1285
1275 1276
1275 1291
1276 1275
1277 1264
1278 1264
1279 1264
1280 1264
1280 1270
1281 1266
1284 1267
1285 1274
1289 1265
1291 1275
1294 1295
1294 1296
1294 1297
1294 1302
1294 1320
1295 1294
1295 1296
1295 1297
1295 1302
1295 1320
1296 1294
1296 1295
1296 1297
1297 1294
1297 1295
1297 1296
1297 1321
1298 1299
1298 1305
1298 1307
1298 1327
1299 1298
1299 1300
1299 1309
1299 1310
1300 1299
1300 1301
1300 1312
1300 1331
1301 1300
1301 1312
1301 1331
1302 1294
1302 1295
1302 1317
1303 1304
1303 1325
1304 1303
1305 1298
1306 1315
1307 1298
1307 1327
1309 1299
1309 1310
1310 1299
1310 1309
1312 1300
1312 1301
1315 1306
1317 1302
1320 1294
1320 1295
1321 1297
1325 1303
1327 1298
1327 1307
1331 1300
1331 1301
1332 1224
1332 1264
1332 1294
1332 1295
1332 1296
1332 1297
1332 1298
1332 1333
1332 1334
1332 1335
1332 1336
1332 1337
1332 1338
1332 1339
1332 1343
1332 1344
1332 1345
1332 1346
1332 1347
1332 1348
1332 1358
1332 1359
1332 1360
1332 1361
1332 1362
1332 1363
1332 1532
1333 1332
1334 1332
1334 1338
1334 1346
1334 1347
1334 1363
1335 1332
1335 1342
1336 1332
1336 1357
1337 1332
1337 1344
1338 1332
1338 1334
1338 1365
1339 1332
1342 1335
1343 1332
1344 1332
1344 1337
1345 1332
1346 1332
1346 1334
1347 1332
1347 1334
1347 1363
1348 1332
1357 1336
1358 1332
1359 1332
1360 1332
1361 1332
1362 1332
1363 1332
1363 1334
1363 1347
1365 1338
1366 79
1366 146
1366 171
1366 297
1366 322
1366 323
1366 359
1366 375
1366 407
1366 507
1366 508
1366 542
1366 651
1366 689
1366 690
1366 691
1366 784
1366 818
1366 856
1366 857
1366 887
1366 953
1366 954
1366 955
1366 1020
1366 1021
1366 1054
1366 1089
1366 1176
1366 1201
1366 1224
1366 1225
1366 1264
1366 1265
1366 1266
1366 1267
1366 1268
1366 1294
1366 1295
1366 1296
1366 1297
1366 1298
1366 1299
1366 1300
1366 1301
1366 1302
1366 1303
1366 1304
1366 1305
1366 1306
1366 1307
1366 1332
1366 1333
1366 1334
1366 1335
1366 1336
1366 1337
1366 1338
1366 1339
1366 1340
1366 1341
1366 1342
1366 1343
1366 1344
1366 1345
1366 1346
1366 1347
1366 1348
1366 1349
1366 1350
1366 1351
1366 1352
1366 1353
1366 1354
1366 1355
1366 1356
1366 1357
1366 1358
1366 1367
1366 1368
1366 1369
1366 1370
1366 1371
1366 1372
1366 1373
1366 1374
1366 1375
1366 1376
1366 1377
1366 1378
1366 1379
1366 1380
1366 1381
1366 1382
1366 1383
1366 1384
1366 1385
1366 1386
1366 1387
1366 1388
1366 1389
1366 1390
1366 1391
1366 1392
1366 1393
1366 1394
1366 1395
1366 1396
1366 1397
1366 1398
1366 1399
1366 1400
1366 1401
1366 1402
1366 1403
1366 1404
1366 1405
1366 1406
1366 1407
1366 1417
1366 1418
1366 1419
1366 1420
1366 1421
1366 1422
1366 1423
1366 1424
1366 1425
1366 1426
1366 1427
1366 1428
1366 1429
1366 1430
1366 1432
1366 1433
1366 1434
1366 1435
1366 1436
1366 1438
1366 1443
1366 1444
1366 1465
1366 1466
1366 1467
1366 1468
1366 1469
1366 1470
1366 1472
1366 1499
1366 1500
1366 1531
1366 1532
1366 1573
1366 1603
1366 1604
1366 1607
1366 1634
1366 1638
1366 1661
1366 1728
1366 1786
1366 1879
1366 1880
1366 1948
1367 79
1367 146
1367 171
1367 297
1367 322
1367 323
1367 359
1367 407
1367 508
1367 542
1367 651
1367 689
1367 690
1367 691
1367 784
1367 818
1367 856
1367 887
1367 953
1367 954
1367 955
1367 1021
1367 1089
1367 1224
1367 1225
1367 1264
1367 1265
1367 1266
1367 1294
1367 1295
1367 1296
1367 1297
1367 1298
1367 1299
1367 1300
1367 1301
1367 1302
1367 1303
1367 1304
1367 1305
1367 1307
1367 1332
1367 1333
1367 1334
1367 1335
1367 1336
1367 1337
1367 1338
1367 1339
1367 1340
1367 1341
1367 1342
1367 1343
1367 1344
1367 1345
1367 1346
1367 1347
1367 1348
1367 1349
1367 1350
1367 1351
1367 1352
1367 1353
1367 1354
1367 1355
1367 1356
1367 1357
1367 1358
1367 1359
1367 1360
1367 1366
1367 1368
1367 1369
1367 1370
1367 1371
1367 1372
1367 1373
1367 1374
1367 1375
1367 1376
1367 1377
1367 1378
1367 1379
1367 1380
1367 1381
1367 1385
1367 1388
1367 1389
1367 1390
1367 1391
1367 1392
1367 1393
1367 1394
1367 1395
1367 1396
1367 1397
1367 1398
1367 1399
1367 1400
1367 1401
1367 1406
1367 1407
1367 1427
1367 1428
1367 1429
1367 1430
1367 1432
1367 1465
1367 1466
1367 1467
1367 1469
1367 1499
1367 1500
1367 1531
1367 1532
1367 1573
1367 1603
1367 1786
1367 1879
1367 1948
1368 1366
1368 1367
1368 1369
1368 1375
1368 1388
1368 1389
1369 1366
1369 1367
1369 1368
1369 1372
1369 1375
1370 1366
1370 1367
1370 1378
1370 1393
1371 1366
1371 1367
1371 1384
1372 1366
1372 1367
1372 1369
1373 1366
1373 1367
1373 1382
1374 1366
1374 1367
1375 1366
1375 1367
1375 1368
1375 1369
1376 1366
1376 1367
1377 1366
1377 1367
1378 1366
1378 1367
1378 1370
1378 1393
1379 1366
1379 1367
1380 1366
1380 1367
1381 1366
1381 1367
1382 1366
1382 1373
1383 1366
1384 1366
1384 1371
1385 1366
1385 1367
1386 1366
1387 1366
1388 1366
1388 1367
1388 1368
1389 1366
1389 1367
1389 1368
1390 1366
1390 1367
1391 1366
1391 1367
1392 1366
1392 1367
1393 1366
1393 1367
1393 1370
1393 1378
1394 1366
1394 1367
1395 1366
1395 1367
1396 1397
1396 1408
1396 1430
1396 1444
1397 1396
1397 1430
1398 1407
1398 1423
1398 1424
1398 1425
1398 1426
1399 1405
1400 1401
1400 1420
1401 1400
1401 1420
1405 1399
1407 1398
1408 1396
1412 1413
1413 1412
1420 1400
1420 1401
1423 1398
1424 1398
1425 1398
1426 1398
1427 1428
1427 1429
1427 1430
1427 1432
1427 1433
1427 1434
1427 1435
1427 1438
1427 1439
1427 1440
1427 1441
1427 1456
1428 1427
1428 1433
1428 1434
1428 1440
1428 1456
1429 1427
1429 1437
1430 1427
1430 1436
1430 1463
1432 1427
1433 1427
1433 1428
1433 1440
1434 1427
1434 1428
1434 1441
1435 1427
1435 1442
1436 1430
1436 1443
1437 1429
1437 1453
1438 1427
1439 1427
1440 1427
1440 1428
1440 1433
1441 1427
1441 1434
1442 1435
1443 1436
1444 1464
1445 1446
1446 1445
1453 1437
1456 1427
1456 1428
1463 1430
1464 1444
1465 1224
1465 1264
1465 1332
1465 1396
1465 1397
1465 1427
1465 1428
1465 1429
1465 1430
1465 1466
1465 1467
1465 1468
1465 1469
1465 1470
1465 1471
1465 1472
1465 1473
1465 1474
1465 1475
1465 1476
1465 1477
1465 1483
1465 1484
1465 1485
1465 1486
1465 1487
1465 1488
1465 1499
1465 1500
1465 1505
1465 1506
1465 1514
1465 1531
1465 1532
1465 1573
1465 1603
1466 1465
1466 1467
1466 1469
1466 1476
1466 1477
1466 1491
1466 1492
1467 1465
1467 1466
1467 1469
1467 1494
1468 1465
1468 1473
1469 1465
1469 1466
1469 1467
1469 1472
1469 1478
1469 1495
1469 1496
1470 1465
1470 1487
1471 1465
1472 1465
1472 1469
1472 1479
1472 1480
1473 1465
1473 1468
1474 1465
1475 1465
1476 1465
1476 1466
1476 1490
1477 1465
1477 1466
1478 1469
1478 1497
1479 1472
1479 1480
1480 1472
1480 1479
1483 1465
1484 1465
1485 1465
1486 1465
1487 1465
1487 1470
1488 1465
1490 1476
1491 1466
1492 1466
1494 1467
1495 1469
1496 1469
1497 1478
1499 1466
1499 1468
1499 1500
1499 1505
1499 1506
1499 1507
1499 1513
1499 1514
1499 1523
1499 1524
1499 1525
1499 1526
1499 1573
1500 1499
1500 1505
1500 1506
1500 1507
1500 1513
1500 1523
1500 1524
1501 1508
1501 1516
1502 1518
1503 1504
1504 1503
1504 1520
1505 1499
1505 1500
1506 1499
1506 1500
1506 1507
1507 1499
1507 1500
1507 1506
1508 1501
1513 1499
1513 1500
1514 1499
1514 1515
1515 1514
1516 1501
1518 1502
1520 1504
1523 1499
1523 1500
1524 1499
1524 1500
1525 1499
1526 1499
1529 1530
1530 1529
1531 1499
1531 1532
1531 1534
1531 1535
1531 1536
1531 1537
1531 1549
1531 1550
1531 1551
1531 1573
1531 1574
1531 1578
1531 1602
1531 1603
1532 1332
1532 1466
1532 1499
1532 1500
1532 1501
1532 1502
1532 1531
1532 1533
1532 1542
1532 1543
1532 1544
1532 1545
1532 1546
1532 1547
1532 1548
1532 1560
1532 1561
1532 1562
1532 1563
1532 1564
1532 1565
1532 1566
1532 1567
1532 1568
1532 1573
1532 1603
1533 1532
1533 1564
1534 1531
1534 1535
1535 1531
1535 1534
1536 1531
1537 1531
1538 1553
1539 1554
1542 1532
1542 1543
1543 1532
1543 1542
1543 1544
1544 1532
1544 1543
1545 1532
1546 1532
1546 1547
1546 1568
1547 1532
1547 1546
1548 1532
1549 1531
1550 1531
1551 1531
1553 1538
1554 1539
1555 1556
1556 1555
1560 1532
1561 1532
1562 1532
1563 1532
1564 1532
1564 1533
1565 1532
1566 1532
1567 1532
1568 1532
1568 1546
1573 1499
1573 1534
1573 1535
1573 1536
1573 1549
1573 1550
1573 1574
1573 1578
1573 1585
1573 1601
1573 1602
1573 1603
1574 1573
1578 1573
1585 1573
1601 1573
1602 1573
1603 1573
1603 1604
1603 1605
1603 1606
1603 1607
1603 1609
1603 1616
1603 1638
1604 1603
1604 1606
1604 1609
1604 1610
1604 1623
1604 1624
1604 1625
1605 1603
1605 1638
1605 1651
1606 1603
1606 1604
1606 1616
1607 1603
1607 1608
1607 1618
1608 1607
1609 1603
1609 1604
1609 1610
1609 1626
1610 1604
1610 1609
1611 1630
1616 1603
1616 1606
1617 1628
1618 1607
1623 1604
1624 1604
1625 1604
1626 1609
1628 1617
1630 1611
1634 1635
1634 1644
1634 1645
1634 1662
1635 1634
1635 1636
1635 1641
1635 1646
1635 1647
1635 1648
1636 1635
1636 1637
1637 1636
1638 1605
1638 1650
1638 1651
1639 1652
1641 1635
1641 1646
1641 1647
1641 1658
1644 1634
1645 1634
1646 1635
1646 1641
1646 1647
1647 1635
1647 1641
1647 1646
1648 1635
1650 1638
1651 1638
1652 1639
1658 1641
1661 1664
1661 1671
1661 1672
1661 1689
1662 1642
1662 1667
1662 1697
1663 1669
1663 1684
1664 1661
1664 1672
1665 1674
1665 1675
1665 1694
1666 1676
1666 1695
1667 1662
1669 1663
1669 1685
1671 1661
1672 1661
1672 1664
1672 1689
1674 1665
1674 1693
1675 1665
1675 1694
1676 1666
1684 1663
1685 1669
1689 1661
1689 1672
1693 1674
1694 1665
1694 1675
1695 1666
1697 1662
1698 1707
1698 1708
1702 1706
1704 1711
1706 1702
1707 1698
1708 1698
1711 1704
1713 1714
1714 1713
1728 1732
1728 1733
1728 1751
1728 1752
1728 1753
1729 1740
1729 1741
1730 1735
1730 1736
1730 1744
1732 1728
1733 1728
1733 1738
1734 1739
1734 1761
1735 1730
1735 1736
1735 1743
1736 1730
1736 1735
1738 1733
1739 1734
1739 1761
1739 1762
1740 1729
1741 1729
1742 1743
1743 1735
1743 1742
1744 1730
1744 1745
1745 1744
1751 1728
1752 1728
1753 1728
1761 1734
1761 1739
1762 1739
1763 1764
1763 1765
1763 1769
1763 1789
1763 1802
1763 1822
1764 1763
1764 1765
1764 1769
1764 1802
1765 1763
1765 1764
1765 1775
1766 1770
1766 1771
1769 1763
1769 1764
1770 1766
1771 1766
1775 1765
1786 1763
1786 1787
1786 1788
1786 1789
1786 1791
1786 1792
1786 1793
1786 1798
1786 1799
1786 1814
1786 1815
1786 1816
1786 1823
1786 1824
1787 1786
1787 1788
1787 1794
1787 1803
1787 1804
1787 1805
1787 1824
1788 1786
1788 1787
1788 1790
1788 1795
1788 1807
1788 1808
1789 1786
1789 1800
1790 1788
1791 1786
1791 1792
1791 1793
1791 1815
1791 1816
1792 1786
1792 1791
1792 1816
1793 1786
1793 1791
1793 1799
1794 1787
1795 1788
1798 1786
1799 1786
1799 1793
1800 1789
1801 1820
1802 1822
1803 1787
1804 1787
1805 1787
1807 1788
1807 1808
1808 1788
1808 1807
1814 1786
1815 1786
1815 1791
1816 1786
1816 1791
1816 1792
1820 1801
1822 1802
1823 1824
1823 1825
1823 1826
1823 1830
1823 1835
1823 1844
1824 1787
1824 1823
1824 1825
1824 1826
1824 1830
1824 1831
1824 1845
1824 1846
1825 1823
1825 1824
1825 1826
1825 1843
1826 1823
1826 1824
1826 1825
1826 1835
1828 1833
1828 1834
1829 1841
1830 1823
1830 1824
1830 1831
1830 1846
1831 1824
1831 1830
1833 1828
1833 1834
1834 1828
1834 1833
1835 1823
1835 1826
1841 1829
1843 1825
1844 1823
1845 1824
1846 1824
1846 1830
1853 1866
1854 1859
1855 1856
1856 1855
1856 1862
1856 1877
1857 1867
1858 1863
1858 1869
1859 1854
1859 1860
1860 1859
1860 1874
1862 1856
1863 1858
1864 1871
1866 1853
1867 1857
1869 1858
1871 1864
1874 1860
1877 1856
1879 34
1879 79
1879 146
1879 171
1879 232
1879 297
1879 322
1879 323
1879 359
1879 407
1879 508
1879 542
1879 651
1879 689
1879 690
1879 691
1879 784
1879 954
1879 1224
1879 1264
1879 1332
1879 1367
1879 1465
1879 1499
1879 1531
1879 1532
1879 1573
1879 1603
1879 1661
1879 1728
1879 1763
1879 1764
1879 1786
1879 1787
1879 1788
1879 1789
1879 1823
1879 1824
1879 1825
1879 1826
1879 1827
1879 1828
1879 1829
1879 1830
1879 1853
1879 1854
1879 1855
1879 1856
1879 1857
1879 1858
1879 1859
1879 1860
1879 1861
1879 1862
1879 1863
1879 1864
1879 1865
1879 1866
1879 1867
1879 1868
1879 1869
1879 1870
1879 1871
1879 1872
1879 1873
1879 1880
1879 1881
1879 1882
1879 1883
1879 1884
1879 1885
1879 1886
1879 1887
1879 1888
1879 1889
1879 1890
1879 1891
1879 1892
1879 1893
1879 1894
1879 1895
1879 1899
1879 1900
1879 1901
1879 1902
1879 1903
1879 1904
1879 1905
1879 1906
1879 1907
1879 1908
1879 1909
1879 1910
1879 1911
1879 1912
1879 1913
1879 1914
1879 1915
1879 1918
1879 1919
1879 1920
1879 1921
1879 1922
1879 1927
1879 1928
1879 1948
1879 1949
1879 1950
1879 1951
1879 1952
1879 1955
1879 1956
1879 1987
1879 2018
1879 2019
1879 2020
1879 2021
1879 2022
1880 1879
1880 1881
1880 1883
1880 1884
1880 1885
1880 1886
1880 1887
1880 1890
1880 1891
1880 1892
1880 1903
1880 1904
1880 1905
1880 1910
1880 1912
1881 1879
1881 1880
1881 1882
1881 1889
1881 1912
1882 1879
1882 1881
1882 1947
1883 1879
1883 1880
1883 1884
1883 1885
1883 1905
1884 1879
1884 1880
1884 1883
1884 1886
1884 1887
1884 1893
1885 1879
1885 1880
1885 1883
1886 1879
1886 1880
1886 1884
1886 1887
1886 1893
1886 1908
1887 1879
1887 1880
1887 1884
1887 1886
1888 1879
1889 1879
1889 1881
1890 1879
1890 1880
1890 1902
1891 1879
1891 1880
1891 1904
1892 1879
1892 1880
1893 1879
1893 1884
1893 1886
1893 1908
1894 1879
1895 1879
1899 1879
1900 1879
1901 1879
1902 1879
1902 1890
1903 1879
1903 1880
1904 1879
1904 1880
1904 1891
1905 1879
1905 1880
1905 1883
1906 1879
1907 1879
1908 1879
1908 1886
1908 1893
1909 1910
1909 1916
1909 1917
1909 1918
1909 1923
1909 1924
1909 1929
1910 1909
1910 1911
1910 1912
1910 1913
1910 1914
1910 1921
1910 1926
1910 1939
1910 1940
1911 1910
1911 1912
1911 1913
1911 1914
1911 1915
1911 1921
1911 1941
1912 1881
1912 1882
1912 1910
1912 1911
1912 1913
1912 1914
1912 1915
1912 1922
1912 1927
1912 1944
1912 1945
1913 1910
1913 1911
1913 1912
1913 1914
1913 1915
1913 1941
1914 1910
1914 1911
1914 1912
1914 1913
1914 1942
1915 1911
1915 1912
1915 1913
1915 1944
1916 1909
1916 1917
1917 1909
1917 1916
1918 1909
1919 1925
1920 1936
1921 1910
1921 1911
1922 1912
1922 1927
1922 1945
1923 1909
1923 1929
1924 1909
1925 1919
1926 1910
1927 1912
1927 1922
1927 1945
1929 1909
1929 1923
1934 1935
1935 1934
1936 1920
1939 1910
1940 1910
1941 1911
1941 1913
1942 1914
1944 1912
1944 1915
1945 1912
1945 1922
1945 1927
1948 1880
1948 1909
1948 1910
1948 1911
1948 1912
1948 1949
1948 1950
1948 1951
1948 1952
1948 1953
1948 1954
1948 1955
1948 1956
1948 1958
1948 1959
1948 1960
1948 1970
1948 1971
1948 1972
1948 1973
1948 1974
1948 1975
1948 1976
1949 1948
1949 1950
1949 1951
1950 1948
1950 1949
1950 1951
1950 1970
1951 1948
1951 1949
1951 1950
1951 1970
1952 1948
1952 1960
1952 1978
1953 1948
1953 1957
1954 1948
1954 1957
1955 1948
1955 1959
1955 1975
1956 1948
1956 1961
1957 1953
1957 1954
1958 1948
1959 1948
1959 1955
1960 1948
1960 1952
1960 1979
1961 1956
1963 1984
1970 1948
1970 1950
1970 1951
1971 1948
1972 1948
1972 1973
1972 1974
1973 1948
1973 1972
1973 1974
1974 1948
1974 1972
1974 1973
1975 1948
1975 1955
1976 1948
1978 1952
1979 1960
1984 1963
1984 1985
1985 1984
1986 1988
1986 1998
1986 2026
1987 1989
1987 1992
1988 1986
1988 1998
1989 1987
1991 2010
1992 1987
1992 1993
1993 1992
1995 1996
1996 1995
1998 1986
1998 1988
2010 1991
2016 2017
2017 2016
2018 2019
2018 2020
2018 2021
2018 2023
2018 2027
2018 2028
2018 2035
2019 2018
2019 2020
2019 2021
2019 2028
2019 2035
2020 2018
2020 2019
2020 2021
2020 2023
2020 2028
2020 2029
2020 2035
2020 2036
2020 2037
2021 2018
2021 2019
2021 2020
2021 2023
2021 2029
2021 2035
2021 2037
2022 2044
2022 2046
2023 2018
2023 2020
2023 2021
2023 2029
2023 2038
2024 2025
2024 2031
2024 2040
2025 2024
2026 2048
2027 2018
2028 2018
2028 2019
2028 2020
2029 2020
2029 2021
2029 2023
2031 2024
2031 2040
2035 2018
2035 2019
2035 2020
2035 2021
2036 2020
2037 2020
2037 2021
2038 2023
2040 2024
2040 2031
2044 2022
2044 2045
2045 2044
2046 2022
2048 2026
