1 3
1 4
1 12
1 20
1 21
2 5
2 13
3 1
3 12
3 19
4 1
4 8
5 2
5 13
6 10
6 17
6 27
6 28
6 29
6 30
6 31
7 11
7 37
8 4
9 15
10 6
10 17
10 27
10 28
10 30
11 7
11 36
11 37
12 1
12 3
12 19
12 20
13 2
13 5
14 24
15 9
16 26
17 6
17 10
17 30
17 31
18 35
19 12
20 1
24 14
26 16
27 6
27 10
27 28
27 29
28 6
28 10
28 27
28 29
29 6
29 10
29 27
29 28
30 6
30 10
30 17
30 29
31 6
31 17
32 33
33 32
36 11
37 7
37 11
39 40
39 48
39 49
39 50
39 65
39 66
39 68
39 69
39 70
40 39
40 49
40 50
40 67
40 68
40 69
40 70
41 42
41 43
41 45
41 54
41 55
41 77
44 42
44 46
44 56
44 57
45 41
45 54
46 44
46 56
46 57
46 58
48 39
48 64
49 39
49 40
49 69
49 70
50 39
50 40
51 71
51 72
52 53
52 74
53 52
54 41
54 45
55 41
56 44
56 46
56 57
57 44
57 46
57 56
58 46
61 62
62 61
63 64
64 48
64 63
65 39
65 66
66 65
67 39
67 40
68 39
68 40
68 67
69 39
69 40
70 39
70 40
70 49
70 69
71 51
71 72
72 51
72 71
74 52
75 76
75 86
75 87
76 75
76 87
77 79
77 103
79 77
79 92
79 102
80 81
80 88
80 100
81 80
82 81
83 84
84 83
85 96
86 75
87 75
87 76
88 80
88 100
89 90
89 91
90 89
90 91
90 101
91 89
91 90
91 101
92 93
92 102
93 79
93 92
94 95
95 94
96 85
100 80
100 88
101 90
101 91
102 79
102 92
103 77
104 111
104 112
104 127
105 104
105 111
105 112
106 119
106 120
106 121
107 108
108 107
110 122
110 123
111 104
111 105
111 112
111 127
112 104
112 111
116 117
119 106
119 120
120 106
120 119
120 121
121 106
121 119
121 120
122 110
123 110
124 125
125 124
127 104
127 111
128 114
130 137
130 149
130 150
131 142
132 136
133 136
136 132
136 133
137 130
137 151
138 134
141 140
142 131
143 132
144 146
145 144
146 144
149 130
150 130
151 137
153 154
153 159
153 162
153 163
153 164
153 180
153 181
153 182
154 153
154 159
154 162
154 163
154 164
154 180
154 181
154 182
155 158
155 160
155 167
155 173
155 174
156 157
156 166
156 172
157 156
157 166
157 172
158 155
158 160
158 167
158 174
159 153
159 154
160 155
160 158
160 168
160 174
162 153
162 154
162 163
163 153
163 154
163 162
163 181
164 153
164 154
164 171
165 183
165 184
166 156
166 157
166 172
167 155
167 158
167 173
167 174
168 160
170 178
171 164
172 156
172 157
172 166
173 155
173 158
173 167
174 155
174 158
174 160
174 167
176 177
177 176
178 170
178 179
179 178
180 153
180 154
181 153
181 154
181 163
182 153
182 154
183 165
184 165
186 187
186 189
186 190
186 193
186 200
186 201
186 202
187 186
187 189
187 190
187 193
187 200
187 201
187 202
187 203
188 191
188 206
188 207
188 208
189 186
189 187
189 201
190 187
190 189
190 200
190 201
191 188
191 194
191 207
191 208
191 209
192 211
193 187
193 203
193 204
194 209
196 197
197 196
200 186
200 187
200 189
200 190
200 201
201 186
201 187
201 189
201 190
201 200
202 187
203 187
203 193
203 204
207 188
207 191
208 188
208 191
209 191
209 194
210 192
211 192
213 214
214 213
216 226
217 218
217 221
217 222
217 227
217 239
217 240
217 241
218 217
218 221
218 222
218 239
218 240
218 241
219 224
219 233
219 252
220 236
221 217
221 218
221 222
221 239
221 240
222 217
222 218
222 221
222 240
222 241
223 224
223 232
223 250
223 251
224 219
224 223
224 252
225 234
225 254
226 216
227 242
227 243
228 229
229 228
230 245
230 246
231 249
232 223
232 250
232 251
233 219
234 225
234 253
235 256
236 220
237 238
238 237
239 217
239 218
239 221
240 217
240 218
240 221
240 222
240 241
241 217
241 222
241 240
242 227
243 244
245 230
245 246
245 247
246 230
246 247
247 245
247 248
249 231
250 223
250 232
251 223
251 232
252 219
252 224
253 234
254 255
255 254
256 235
257 260
257 279
257 280
258 263
258 264
258 273
258 274
259 270
259 271
259 277
259 278
260 257
263 258
263 264
263 274
264 258
265 266
267 268
268 267
270 277
271 259
273 258
273 274
274 258
274 263
274 273
277 259
277 270
278 259
279 257
280 257
282 283
282 288
282 291
282 297
282 309
283 282
283 291
283 306
283 307
284 285
284 294
284 295
284 302
285 284
285 286
285 296
285 302
286 285
286 296
286 303
286 304
287 283
288 297
288 309
290 292
290 293
290 301
291 282
291 283
291 308
292 290
292 293
293 290
293 292
293 301
294 301
295 284
296 285
296 286
296 303
297 282
301 290
301 293
301 294
302 285
303 286
303 296
304 286
306 283
306 287
308 291
309 282
309 288
312 313
312 337
313 312
313 314
313 337
314 313
314 323
315 326
315 338
317 328
320 321
321 320
321 331
322 333
322 334
326 315
331 321
333 334
334 333
335 336
336 335
337 312
337 313
338 326
339 340
339 341
340 339
340 341
341 339
341 340
343 344
343 345
343 347
343 353
343 371
343 377
343 400
343 401
344 343
344 355
344 356
344 361
344 362
344 363
345 343
345 347
345 353
345 377
345 401
346 357
347 343
347 345
348 365
348 366
349 368
350 351
350 369
353 343
353 345
354 360
355 344
355 356
355 361
356 344
356 355
356 361
356 362
357 346
358 359
358 370
359 358
359 370
360 354
361 344
361 355
361 356
362 344
362 356
363 344
365 348
365 366
366 348
368 349
369 350
369 351
370 358
370 359
371 345
371 353
371 374
371 385
371 386
371 398
371 399
371 400
371 401
372 381
372 382
372 387
373 375
373 376
373 379
373 380
373 393
373 394
374 371
374 385
374 397
375 373
375 376
375 379
375 380
375 393
375 394
377 353
377 371
377 399
377 400
377 401
378 389
379 373
379 375
379 380
379 393
379 394
380 373
380 375
380 379
380 393
380 394
381 372
381 387
383 391
384 392
385 371
385 374
386 371
386 398
387 372
387 381
388 372
388 382
389 378
391 383
392 384
393 373
393 375
393 379
393 380
393 394
394 373
394 375
394 379
394 380
394 393
397 374
398 371
398 386
399 371
399 400
400 371
400 377
400 399
401 371
401 377
402 405
402 413
403 415
403 416
404 421
404 441
405 402
406 424
407 403
407 414
407 415
407 427
408 431
408 432
409 410
409 435
409 436
410 409
410 418
410 436
411 412
411 423
412 411
412 423
413 402
414 407
414 427
415 403
415 407
415 416
416 403
416 415
417 428
418 410
418 419
418 437
419 418
419 437
419 438
419 439
420 404
420 421
421 404
421 420
422 442
423 411
423 412
426 425
427 407
427 414
428 417
431 408
431 432
432 408
432 431
433 434
434 433
435 409
436 409
436 410
437 410
437 418
437 419
437 438
438 419
438 437
438 439
439 419
439 438
442 422
445 446
445 447
445 449
445 450
445 451
445 452
445 458
445 459
445 461
445 462
445 480
445 481
445 489
445 503
445 504
445 505
446 445
446 453
446 464
446 466
447 445
447 452
449 445
449 450
449 458
450 445
450 449
450 458
451 445
451 461
451 462
452 445
452 447
453 446
453 454
453 467
453 468
453 469
454 453
454 470
454 471
457 473
458 445
458 449
458 450
459 445
459 460
460 445
460 459
461 445
461 451
462 445
462 451
464 446
465 446
465 466
466 446
466 465
467 453
468 453
468 469
469 453
469 468
470 471
471 454
471 470
472 457
472 473
475 448
476 482
476 492
476 493
478 479
478 485
478 486
478 496
479 478
479 496
479 497
479 498
480 481
480 489
481 480
481 489
482 476
483 484
483 494
484 483
485 478
485 486
486 485
488 500
489 480
489 481
492 493
493 476
493 492
496 478
496 479
496 497
497 479
497 496
498 479
499 488
500 488
506 508
506 535
508 506
508 533
508 534
511 575
511 577
513 531
513 532
515 514
520 521
521 520
522 523
523 522
526 525
527 528
528 527
531 513
531 532
532 513
532 531
533 508
533 534
534 533
535 506
536 537
536 539
536 546
536 547
536 563
537 536
538 557
538 558
538 559
538 560
539 536
539 563
540 541
540 543
540 549
540 550
540 567
541 540
541 550
541 551
541 567
541 568
541 569
542 555
542 592
543 540
543 549
543 566
544 511
544 575
544 577
545 562
546 536
546 537
547 536
548 564
549 540
549 543
549 566
550 540
550 541
550 567
550 568
551 541
551 570
551 571
551 572
553 574
555 542
557 538
557 558
558 538
558 557
559 538
560 538
560 559
562 545
563 536
563 539
564 548
564 565
565 564
566 540
566 543
566 549
567 540
567 541
567 550
567 568
568 541
568 550
568 567
568 569
569 568
570 551
570 571
570 572
571 551
571 570
571 572
572 551
572 570
572 571
574 553
575 544
575 576
575 577
576 544
576 575
576 577
577 544
577 575
577 576
578 580
578 586
578 597
579 583
579 590
579 591
579 604
579 605
580 586
580 597
581 587
582 602
583 579
583 592
584 595
586 578
586 580
586 597
587 581
588 581
588 589
589 588
590 579
590 591
590 603
590 604
590 605
591 590
591 604
591 605
592 555
592 583
592 593
593 555
597 578
597 580
597 586
600 599
602 582
603 590
604 579
604 590
604 591
604 605
605 579
605 590
605 591
605 604
606 607
606 609
606 614
606 615
606 616
606 627
606 628
606 629
606 630
606 631
606 632
606 644
607 606
607 613
607 614
607 624
607 625
608 639
608 640
609 606
609 615
609 629
610 635
611 610
611 637
613 607
613 623
614 606
614 607
614 625
614 626
615 606
615 609
616 606
616 631
616 632
617 633
620 621
621 620
623 607
623 613
625 607
625 614
625 626
626 614
626 625
627 606
628 606
629 606
629 630
630 606
630 629
630 631
631 606
631 616
631 630
631 632
632 616
632 631
633 617
635 610
636 610
637 611
638 611
640 608
640 641
641 618
641 640
644 647
644 650
644 651
644 660
644 661
644 670
644 671
644 672
644 673
644 674
644 675
645 646
645 656
645 666
645 667
646 645
646 648
646 657
646 668
647 644
647 649
647 658
647 659
648 646
648 657
648 669
649 647
649 658
650 644
650 661
650 673
651 644
651 675
654 664
656 667
657 646
657 648
658 647
658 649
659 647
660 644
660 670
661 644
661 650
661 673
664 654
667 645
668 646
669 648
670 644
671 644
671 672
672 644
672 671
673 644
673 650
673 661
674 644
675 644
675 651
678 688
678 689
679 680
679 681
679 683
679 693
679 694
680 679
680 681
680 683
681 679
681 680
683 679
683 680
683 693
684 695
685 699
688 678
689 678
690 691
691 690
693 679
693 683
694 679
695 684
697 698
698 697
698 699
699 685
699 698
701 702
701 704
701 705
701 709
701 710
701 711
701 712
701 715
701 716
701 717
701 724
701 725
701 726
701 738
701 742
701 743
701 748
701 749
701 768
701 769
701 770
701 771
702 701
703 714
703 722
703 723
703 736
704 701
704 705
704 718
704 730
705 701
705 704
705 718
706 707
706 721
706 733
706 734
707 706
707 708
708 707
709 701
709 715
709 749
709 771
710 701
710 711
710 725
711 701
711 710
711 725
711 726
712 701
712 716
712 717
712 727
712 728
712 729
713 719
713 720
713 732
714 703
714 722
714 723
714 736
715 701
715 709
715 771
716 701
716 712
716 717
716 727
716 728
717 701
717 712
717 716
717 727
717 728
718 704
718 705
718 730
719 713
719 720
719 732
720 713
720 719
721 706
722 714
723 703
723 714
723 736
724 701
725 701
725 710
725 711
726 701
726 711
727 712
727 716
727 717
727 728
728 712
728 716
728 717
728 727
730 704
730 718
732 713
732 719
733 706
734 706
735 734
736 703
736 714
738 742
738 753
738 754
738 766
738 767
739 758
740 741
740 744
740 787
741 740
741 744
741 745
741 756
742 738
742 753
742 765
743 748
743 749
743 768
743 769
743 770
744 740
744 741
744 787
745 741
745 756
746 747
747 746
747 757
748 743
748 749
748 769
748 770
749 715
749 743
749 748
749 771
751 760
753 738
753 742
754 738
754 755
756 745
757 747
758 739
759 760
760 751
761 762
762 761
762 763
763 762
763 764
764 763
766 738
766 753
768 743
769 743
769 748
769 770
770 743
770 748
770 769
772 781
772 802
773 789
775 780
775 797
775 798
775 799
775 800
776 782
776 783
776 784
776 785
778 779
780 775
781 772
781 782
782 776
782 781
783 776
783 784
783 785
784 776
784 783
784 785
784 786
785 776
785 783
785 784
785 786
786 784
786 803
788 789
789 773
789 788
792 793
793 792
796 780
797 775
797 798
798 775
798 797
799 775
799 800
800 775
800 799
802 772
803 786
804 803
807 814
807 815
807 825
807 851
807 875
808 813
810 811
810 817
811 810
811 817
812 818
812 827
813 778
813 808
814 807
814 815
814 825
815 807
815 814
815 825
817 810
817 811
818 812
818 827
820 821
821 820
822 824
823 822
823 824
824 822
824 823
825 807
825 814
825 815
827 812
827 818
828 829
829 828
831 819
833 834
834 833
837 838
839 844
839 852
839 853
839 854
839 909
839 910
839 911
840 846
840 857
840 858
840 859
841 843
841 850
841 871
841 872
842 863
845 855
846 840
846 857
846 858
847 865
848 867
848 868
851 874
851 875
852 839
853 839
854 839
855 845
855 856
856 855
857 840
857 846
857 858
858 840
858 846
858 857
859 840
860 861
863 842
865 847
865 866
866 865
867 848
869 849
870 869
871 841
872 843
875 851
876 879
876 887
878 898
879 886
879 904
882 897
883 878
883 898
884 885
884 900
884 901
885 884
886 879
887 876
887 879
889 890
890 889
890 892
891 890
891 892
891 905
892 890
892 891
892 905
894 941
895 877
896 882
898 878
898 883
899 900
899 901
900 884
900 899
900 901
901 884
901 899
901 900
902 884
904 879
904 886
905 891
905 892
905 906
908 893
911 910
912 913
912 917
912 931
913 912
913 917
913 918
913 928
913 929
913 930
914 934
914 935
915 921
915 937
916 894
917 912
917 913
917 918
917 930
918 913
918 917
919 932
919 933
921 915
921 937
922 923
922 924
923 922
923 924
924 922
924 923
927 894
927 916
927 941
928 913
928 929
929 913
929 928
930 913
930 917
930 918
931 912
932 919
934 914
934 935
937 915
940 926
941 894
941 916
941 927
942 947
942 952
942 953
942 954
942 964
942 965
943 944
943 948
943 956
944 943
944 948
945 958
946 964
947 942
947 966
948 943
948 944
948 957
951 961
951 962
952 942
953 942
953 964
954 942
954 965
956 943
957 948
958 945
959 960
961 951
964 942
964 946
964 953
965 942
965 954
966 947
967 973
967 990
967 991
968 985
968 986
969 970
969 988
971 977
971 978
972 975
973 967
973 993
974 980
975 972
976 998
977 971
977 978
977 979
978 971
978 977
978 979
979 978
982 981
984 983
985 968
986 968
986 987
987 986
988 969
988 970
990 967
990 991
991 967
991 973
992 967
992 973
992 993
993 973
993 992
995 996
998 976
999 1000
1001 1006
1001 1023
1001 1024
1002 1004
1002 1012
1002 1025
1003 1010
1003 1011
1003 1022
1004 1002
1004 1012
1004 1025
1005 1014
1005 1032
1007 1033
1008 1019
1008 1020
1010 1003
1011 1003
1011 1022
1012 1002
1012 1004
1012 1025
1012 1026
1012 1027
1013 1029
1013 1030
1014 1005
1014 1015
1014 1032
1015 1005
1015 1014
1015 1032
1016 1017
1017 1016
1017 1018
1018 1017
1019 1008
1020 1019
1021 1009
1022 1003
1022 1011
1023 1001
1024 1001
1025 1002
1025 1004
1025 1012
1025 1026
1026 1012
1026 1025
1026 1027
1027 1012
1027 1026
1029 1013
1030 1013
1030 1031
1031 1030
1032 1005
1032 1015
1033 1007
1034 1055
1035 1044
1035 1045
1035 1058
1035 1059
1037 1052
1037 1053
1037 1054
1038 1046
1038 1060
1038 1061
1039 1048
1040 1050
1041 1042
1042 1041
1042 1052
1043 1056
1044 1035
1044 1058
1045 1035
1046 1038
1046 1061
1047 1065
1048 1039
1052 1037
1052 1042
1053 1037
1053 1054
1054 1037
1054 1053
1055 1034
1056 1043
1058 1035
1058 1044
1059 1035
1059 1045
1061 1038
1061 1046
1062 1063
1062 1064
1063 1064
1064 1062
1064 1063
1065 1047
1067 1077
1067 1078
1068 1073
1068 1080
1069 1075
1071 1093
1071 1094
1073 1068
1073 1079
1074 1075
1075 1074
1076 1069
1077 1067
1077 1078
1078 1067
1078 1077
1079 1068
1079 1073
1079 1080
1080 1068
1080 1079
1081 1082
1082 1081
1085 1086
1086 1085
1087 1070
1089 1090
1091 1092
1092 1091
1094 1071
1094 1093
1095 1068
1095 1073
1095 1117
1095 1129
1095 1130
1096 1098
1096 1105
1096 1107
1096 1113
1096 1122
1096 1123
1096 1124
1097 1110
1097 1119
1098 1096
1098 1113
1098 1123
1098 1124
1098 1125
1099 1108
1099 1114
1100 1099
1100 1114
1100 1128
1101 1109
1101 1115
1103 1097
1103 1104
1103 1110
1103 1120
1103 1121
1104 1103
1104 1110
1104 1120
1104 1121
1105 1096
1105 1106
1105 1112
1106 1105
1107 1096
1107 1122
1108 1099
1108 1100
1108 1114
1108 1128
1109 1101
1109 1116
1110 1097
1110 1103
1110 1104
1110 1120
1111 1112
1111 1121
1112 1105
1113 1096
1113 1098
1113 1124
1113 1125
1114 1099
1114 1100
1114 1108
1114 1128
1115 1101
1117 1095
1117 1129
1119 1097
1120 1103
1120 1104
1120 1110
1121 1103
1121 1104
1121 1111
1122 1096
1122 1107
1123 1096
1123 1098
1124 1096
1124 1113
1125 1098
1125 1113
1125 1126
1126 1125
1127 1099
1128 1100
1128 1108
1128 1114
1129 1095
1129 1117
1129 1130
1130 1095
1130 1129
1131 1145
1132 1102
1132 1137
1132 1157
1132 1158
1133 1131
1133 1145
1134 1139
1135 1148
1135 1149
1137 1132
1137 1158
1139 1134
1140 1146
1141 1153
1142 1154
1145 1131
1145 1133
1146 1140
1148 1135
1148 1149
1149 1135
1149 1148
1153 1141
1154 1142
1157 1132
1158 1132
1158 1137
1159 1131
1159 1134
1159 1138
1159 1139
1159 1143
1159 1160
1159 1161
1159 1164
1159 1165
1159 1166
1159 1179
1159 1198
1159 1199
1159 1200
1160 1159
1160 1164
1160 1196
1160 1197
1162 1173
1162 1174
1162 1185
1162 1186
1163 1176
1163 1177
1163 1192
1164 1159
1164 1160
1164 1197
1165 1159
1165 1166
1165 1198
1166 1159
1166 1165
1166 1199
1167 1168
1168 1167
1170 1171
1171 1170
1171 1181
1172 1182
1172 1183
1172 1184
1173 1162
1173 1183
1173 1184
1173 1185
1173 1186
1174 1162
1174 1187
1175 1188
1175 1189
1176 1163
1176 1192
1178 1193
1179 1159
1181 1171
1182 1172
1183 1173
1184 1172
1184 1173
1184 1183
1185 1162
1185 1173
1185 1186
1186 1162
1186 1185
1187 1174
1188 1175
1190 1189
1192 1163
1192 1176
1193 1178
1194 1195
1195 1194
1196 1160
1197 1160
1197 1164
1198 1159
1199 1159
1199 1165
1199 1166
1200 1159
1201 1216
1201 1217
1201 1225
1201 1226
1202 1203
1202 1223
1203 1202
1203 1207
1204 1205
1204 1212
1206 1228
1207 1202
1207 1203
1208 1227
1209 1218
1209 1229
1209 1230
1210 1219
1210 1231
1212 1204
1214 1215
1215 1214
1216 1201
1216 1225
1217 1201
1218 1209
1218 1229
1218 1230
1219 1210
1219 1231
1221 1222
1222 1221
1223 1202
1224 1211
1225 1201
1225 1216
1226 1201
1227 1208
1228 1206
1229 1209
1229 1218
1229 1230
1230 1209
1230 1218
1230 1229
1231 1210
1231 1219
1232 1233
1232 1235
1232 1239
1232 1245
1232 1260
1233 1232
1233 1235
1233 1261
1233 1262
1233 1263
1234 1243
1234 1254
1234 1255
1235 1233
1235 1262
1236 1237
1236 1241
1236 1249
1236 1250
1236 1251
1237 1236
1237 1241
1237 1249
1237 1250
1237 1251
1238 1241
1238 1252
1239 1232
1240 1248
1241 1236
1241 1237
1241 1238
1241 1251
1241 1252
1242 1253
1244 1257
1247 1248
1248 1247
1249 1236
1249 1237
1250 1236
1250 1237
1251 1236
1251 1237
1251 1241
1251 1252
1252 1238
1252 1241
1252 1251
1253 1242
1255 1234
1256 1244
1257 1244
1257 1256
1257 1258
1260 1232
1260 1239
1262 1233
1262 1235
1263 1233
1264 1265
1264 1267
1264 1276
1264 1291
1265 1264
1265 1267
1266 1269
1266 1280
1266 1281
1266 1295
1266 1296
1266 1297
1267 1264
1267 1265
1267 1275
1267 1290
1268 1293
1269 1266
1269 1280
1269 1281
1269 1294
1269 1295
1270 1272
1270 1298
1270 1299
1271 1285
1271 1286
1272 1270
1272 1298
1272 1299
1273 1300
1274 1287
1274 1288
1275 1264
1275 1265
1275 1267
1275 1291
1278 1279
1279 1278
1280 1266
1280 1269
1280 1281
1280 1294
1280 1295
1281 1266
1281 1269
1281 1280
1281 1294
1281 1295
1282 1266
1282 1297
1283 1284
1284 1283
1285 1271
1286 1271
1287 1274
1287 1288
1287 1289
1288 1274
1288 1287
1288 1289
1289 1287
1290 1267
1291 1264
1291 1265
1291 1275
1292 1268
1293 1268
1294 1269
1294 1280
1294 1281
1295 1266
1295 1269
1295 1280
1295 1281
1296 1266
1297 1266
1297 1282
1298 1270
1298 1299
1299 1298
1300 1273
1301 1273
1302 1301
1303 1304
1303 1319
1303 1328
1303 1329
1304 1303
1304 1310
1304 1319
1305 1312
1305 1320
1305 1321
1305 1332
1306 1314
1307 1315
1307 1323
1308 1323
1308 1324
1308 1325
1308 1326
1311 1329
1312 1305
1312 1320
1313 1322
1313 1335
1313 1336
1314 1306
1315 1307
1315 1323
1316 1327
1319 1303
1319 1304
1320 1305
1320 1312
1321 1305
1321 1332
1321 1333
1322 1313
1322 1334
1323 1307
1324 1308
1324 1325
1325 1308
1325 1324
1325 1326
1326 1308
1326 1325
1327 1316
1328 1303
1329 1303
1329 1311
1330 1331
1331 1330
1332 1305
1332 1321
1333 1321
1334 1322
1335 1313
1335 1336
1336 1313
1337 1338
1337 1339
1337 1340
1337 1342
1337 1343
1337 1346
1337 1347
1337 1353
1337 1369
1337 1370
1337 1371
1337 1372
1338 1369
1339 1337
1339 1342
1339 1343
1339 1347
1339 1348
1339 1349
1339 1354
1339 1372
1339 1373
1340 1337
1340 1338
1340 1368
1341 1359
1341 1360
1341 1378
1341 1379
1342 1337
1342 1339
1342 1343
1342 1347
1342 1348
1342 1372
1342 1373
1343 1337
1343 1339
1343 1342
1343 1347
1343 1348
1343 1349
1343 1354
1343 1373
1344 1350
1344 1351
1344 1361
1345 1365
1345 1366
1346 1337
1346 1338
1346 1369
1347 1337
1347 1339
1347 1342
1347 1343
1347 1348
1347 1349
1347 1373
1348 1337
1348 1339
1348 1342
1348 1343
1348 1347
1348 1373
1349 1339
1349 1343
1349 1347
1349 1354
1349 1355
1350 1344
1350 1351
1351 1344
1351 1350
1353 1337
1353 1370
1354 1339
1354 1343
1354 1349
1354 1355
1355 1349
1355 1354
1356 1374
1356 1375
1357 1358
1357 1376
1358 1376
1359 1341
1359 1360
1360 1341
1360 1359
1361 1344
1363 1352
1364 1365
1364 1366
1364 1367
1365 1345
1365 1364
1365 1366
1365 1367
1366 1345
1366 1364
1366 1365
1366 1367
1367 1364
1367 1365
1367 1366
1368 1340
1369 1337
1369 1338
1369 1346
1370 1337
1370 1353
1370 1371
1371 1337
1371 1353
1371 1370
1372 1337
1372 1339
1372 1342
1373 1339
1373 1342
1373 1343
1373 1347
1373 1348
1374 1356
1374 1375
1375 1356
1375 1374
1376 1357
1376 1358
1378 1341
1378 1379
1379 1341
1379 1378
1380 1381
1380 1383
1380 1391
1380 1397
1380 1398
1380 1399
1381 1380
1381 1386
1381 1395
1381 1396
1382 1384
1382 1388
1383 1380
1385 1393
1385 1394
1386 1381
1386 1396
1391 1380
1393 1394
1395 1381
1398 1380
1398 1399
1399 1380
1399 1398
1401 1387
1402 1409
1402 1410
1402 1417
1402 1433
1403 1405
1403 1412
1403 1413
1403 1422
1404 1405
1404 1408
1404 1414
1404 1424
1404 1425
1405 1403
1405 1404
1405 1423
1406 1418
1407 1419
1408 1404
1408 1425
1409 1402
1410 1402
1410 1417
1410 1434
1411 1435
1412 1403
1412 1413
1412 1422
1413 1403
1413 1412
1413 1422
1414 1404
1414 1424
1415 1416
1415 1429
1416 1415
1416 1429
1417 1402
1417 1410
1418 1406
1422 1403
1422 1412
1422 1413
1423 1405
1424 1404
1424 1414
1425 1404
1425 1408
1426 1427
1429 1415
1429 1416
1431 1432
1432 1431
1434 1410
1435 1411
1436 1437
1436 1438
1436 1439
1436 1440
1436 1446
1436 1450
1437 1436
1437 1438
1437 1439
1437 1440
1437 1446
1437 1450
1437 1460
1438 1436
1438 1437
1438 1447
1439 1436
1439 1437
1439 1459
1440 1436
1440 1437
1440 1460
1441 1462
1443 1444
1444 1443
1444 1445
1444 1457
1445 1443
1445 1444
1445 1457
1446 1436
1446 1437
1447 1438
1447 1448
1448 1447
1450 1436
1450 1437
1453 1454
1454 1453
1457 1443
1457 1444
1457 1445
1459 1439
1460 1437
1460 1440
1462 1441
1468 1478
1468 1479
1470 1468
1470 1478
1471 1465
1473 1482
1474 1466
1475 1476
1476 1475
1477 1485
1478 1468
1478 1470
1479 1468
1481 1464
1482 1473
1485 1477
1486 1487
1487 1486
1492 1493
1492 1506
1493 1492
1493 1506
1494 1509
1497 1498
1498 1497
1499 1513
1499 1514
1500 1489
1501 1502
1501 1503
1502 1501
1502 1503
1503 1501
1503 1502
1506 1492
1506 1493
1508 1509
1509 1494
1509 1508
1511 1512
1512 1511
1513 1499
1514 1499
1516 1515
1517 1519
1517 1520
1517 1523
1517 1524
1517 1528
1517 1529
1517 1530
1517 1540
1517 1541
1518 1521
1518 1545
1519 1517
1519 1520
1519 1528
1519 1529
1519 1530
1519 1540
1519 1541
1520 1517
1520 1519
1520 1530
1520 1540
1520 1541
1521 1518
1521 1546
1521 1547
1522 1527
1522 1536
1522 1537
1523 1517
1523 1524
1523 1528
1523 1529
1523 1538
1523 1539
1524 1517
1524 1528
1524 1529
1524 1538
1524 1539
1527 1522
1527 1536
1528 1517
1528 1519
1528 1523
1528 1524
1528 1529
1528 1538
1528 1539
1529 1517
1529 1519
1529 1523
1529 1524
1529 1528
1529 1530
1530 1517
1530 1520
1530 1529
1530 1540
1531 1542
1532 1549
1536 1522
1537 1522
1538 1523
1538 1524
1538 1539
1539 1523
1539 1524
1539 1528
1539 1538
1540 1517
1540 1519
1540 1520
1540 1530
1541 1517
1541 1520
1542 1531
1544 1545
1545 1518
1545 1544
1546 1521
1546 1547
1547 1521
1547 1546
1549 1532
1550 1581
1551 1553
1551 1554
1551 1563
1551 1564
1551 1572
1551 1573
1551 1574
1552 1561
1552 1562
1552 1569
1552 1570
1553 1551
1553 1563
1553 1564
1554 1572
1554 1573
1554 1574
1554 1575
1555 1576
1556 1565
1558 1566
1558 1567
1561 1552
1562 1552
1562 1569
1562 1570
1563 1551
1563 1553
1563 1564
1564 1551
1564 1553
1564 1563
1565 1556
1566 1558
1566 1567
1567 1558
1569 1552
1569 1562
1570 1552
1570 1562
1572 1551
1572 1554
1572 1573
1573 1551
1573 1554
1573 1572
1573 1574
1574 1551
1574 1554
1574 1573
1575 1554
1576 1555
1576 1577
1577 1576
1578 1579
1578 1581
1578 1583
1578 1584
1578 1585
1578 1586
1578 1589
1578 1590
1578 1609
1579 1578
1579 1584
1579 1607
1579 1608
1580 1582
1580 1601
1580 1602
1580 1603
1581 1550
1581 1578
1581 1591
1581 1592
1581 1615
1581 1616
1582 1580
1582 1588
1582 1601
1582 1602
1582 1603
1582 1604
1583 1578
1583 1586
1583 1590
1583 1610
1583 1611
1583 1612
1584 1578
1584 1579
1585 1578
1585 1609
1586 1578
1586 1590
1586 1610
1586 1611
1586 1612
1589 1578
1590 1578
1590 1583
1590 1586
1590 1610
1590 1611
1590 1612
1591 1581
1591 1592
1591 1615
1592 1581
1592 1591
1592 1615
1593 1594
1594 1593
1594 1595
1595 1594
1597 1598
1598 1597
1598 1599
1601 1580
1601 1582
1601 1602
1601 1603
1602 1580
1602 1582
1602 1601
1602 1603
1603 1580
1603 1582
1603 1601
1603 1602
1604 1580
1604 1582
1607 1579
1608 1579
1608 1584
1609 1578
1609 1585
1610 1583
1610 1586
1610 1590
1610 1611
1611 1583
1611 1586
1611 1590
1611 1610
1612 1583
1612 1586
1612 1590
1614 1613
1615 1581
1615 1591
1617 1620
1617 1623
1617 1624
1617 1629
1617 1638
1617 1639
1618 1619
1618 1621
1618 1625
1618 1642
1619 1618
1619 1621
1619 1625
1620 1617
1621 1618
1621 1619
1621 1625
1622 1627
1623 1617
1623 1624
1623 1630
1624 1617
1624 1623
1624 1630
1625 1618
1625 1619
1625 1621
1627 1622
1628 1636
1629 1617
1630 1623
1630 1624
1636 1628
1639 1617
1642 1618
1642 1619
1642 1671
1643 1648
1643 1649
1643 1651
1643 1661
1644 1652
1644 1666
1647 1655
1647 1656
1648 1643
1649 1643
1649 1661
1650 1643
1650 1651
1650 1662
1651 1643
1651 1650
1651 1662
1652 1644
1655 1647
1656 1647
1658 1659
1659 1658
1661 1643
1661 1649
1662 1650
1662 1651
1663 1664
1666 1644
1672 1647
1672 1655
1672 1682
1673 1674
1673 1676
1673 1692
1674 1673
1674 1676
1674 1692
1675 1678
1676 1673
1676 1674
1676 1680
1676 1693
1677 1696
1678 1675
1679 1687
1680 1676
1680 1681
1680 1693
1680 1694
1681 1680
1681 1693
1681 1694
1687 1679
1688 1689
1689 1688
1690 1691
1691 1690
1692 1673
1692 1674
1693 1676
1693 1680
1693 1681
1693 1694
1694 1680
1694 1681
1694 1693
1696 1677
1697 1698
1697 1699
1697 1700
1698 1697
1699 1697
1699 1698
1699 1700
1700 1699
1701 1703
1701 1707
1701 1708
1701 1709
1701 1710
1701 1717
1701 1718
1701 1719
1703 1701
1703 1718
1704 1713
1704 1714
1704 1715
1704 1732
1705 1716
1705 1734
1705 1735
1707 1708
1707 1709
1707 1717
1708 1701
1708 1707
1708 1709
1708 1717
1709 1701
1709 1707
1709 1708
1709 1717
1710 1701
1711 1724
1712 1727
1712 1728
1712 1729
1712 1730
1712 1731
1713 1704
1713 1714
1713 1732
1714 1704
1714 1713
1714 1715
1714 1732
1715 1704
1715 1714
1715 1732
1716 1705
1716 1734
1717 1701
1717 1707
1717 1708
1717 1709
1718 1701
1718 1703
1719 1701
1721 1720
1724 1711
1725 1702
1727 1712
1727 1728
1728 1712
1728 1727
1729 1712
1729 1730
1729 1731
1730 1729
1730 1731
1731 1712
1731 1729
1731 1730
1732 1704
1732 1713
1732 1715
1734 1716
1735 1705
1736 1741
1737 1746
1737 1764
1737 1765
1738 1736
1738 1741
1738 1749
1739 1756
1740 1768
1741 1736
1741 1738
1741 1749
1742 1751
1743 1752
1744 1754
1745 1737
1745 1746
1745 1764
1746 1737
1746 1745
1746 1766
1748 1767
1749 1738
1752 1743
1752 1753
1753 1752
1754 1744
1755 1739
1755 1756
1756 1739
1756 1755
1759 1760
1760 1759
1761 1762
1762 1761
1764 1737
1764 1745
1764 1765
1765 1737
1765 1764
1769 1774
1769 1786
1770 1775
1770 1779
1770 1780
1771 1781
1771 1782
1771 1783
1771 1790
1773 1776
1773 1777
1773 1785
1773 1794
1774 1769
1774 1786
1775 1770
1775 1780
1775 1781
1776 1773
1776 1777
1776 1785
1776 1793
1776 1794
1777 1773
1777 1776
1777 1785
1777 1794
1778 1770
1779 1770
1779 1778
1780 1770
1780 1775
1781 1771
1781 1775
1781 1790
1782 1783
1783 1771
1783 1782
1785 1773
1785 1776
1785 1777
1785 1793
1786 1769
1786 1774
1790 1771
1790 1781
1793 1776
1793 1785
1794 1773
1794 1776
1794 1777
1796 1798
1796 1802
1796 1806
1796 1807
1796 1813
1796 1814
1796 1825
1797 1799
1797 1800
1797 1822
1798 1796
1798 1815
1798 1816
1798 1817
1799 1797
1799 1811
1799 1822
1800 1801
1800 1812
1801 1800
1801 1812
1801 1823
1802 1796
1802 1806
1802 1813
1802 1814
1804 1805
1804 1818
1804 1830
1805 1804
1805 1818
1805 1819
1805 1831
1806 1796
1806 1802
1806 1813
1806 1824
1807 1796
1807 1825
1808 1809
1808 1810
1808 1819
1808 1832
1809 1808
1810 1808
1810 1809
1811 1797
1811 1799
1811 1822
1812 1800
1812 1801
1813 1796
1813 1802
1813 1806
1814 1796
1815 1798
1815 1816
1815 1817
1816 1798
1816 1815
1816 1817
1817 1798
1817 1815
1817 1816
1818 1804
1818 1805
1818 1831
1819 1805
1819 1808
1819 1831
1819 1832
1820 1821
1821 1820
1822 1797
1822 1799
1822 1811
1823 1801
1824 1806
1825 1796
1825 1807
1829 1803
1830 1804
1831 1805
1831 1818
1831 1819
1832 1808
1832 1819
1834 1845
1835 1838
1835 1851
1835 1852
1838 1835
1838 1851
1838 1852
1839 1836
1841 1854
1843 1888
1845 1834
1845 1846
1846 1845
1847 1848
1847 1849
1848 1847
1848 1849
1849 1848
1851 1835
1851 1838
1852 1835
1852 1838
1853 1837
1854 1841
1858 1859
1858 1862
1858 1868
1858 1879
1859 1858
1859 1869
1859 1880
1859 1881
1860 1861
1860 1865
1860 1867
1860 1875
1861 1860
1861 1865
1862 1858
1862 1868
1862 1879
1863 1873
1864 1874
1865 1861
1865 1867
1865 1875
1867 1860
1867 1865
1867 1875
1868 1858
1868 1862
1868 1879
1869 1859
1869 1881
1869 1882
1871 1872
1871 1885
1871 1886
1872 1871
1872 1886
1873 1863
1874 1864
1875 1860
1875 1865
1875 1867
1879 1858
1879 1862
1879 1868
1880 1859
1881 1859
1881 1869
1881 1882
1882 1869
1882 1881
1882 1883
1883 1882
1885 1871
1885 1886
1886 1871
1886 1872
1886 1885
1888 1843
1889 1907
1889 1908
1890 1910
1891 1912
1891 1913
1892 1897
1892 1898
1892 1914
1893 1915
1894 1904
1895 1909
1896 1911
1897 1892
1897 1898
1898 1892
1898 1897
1898 1914
1900 1899
1902 1916
1902 1917
1902 1918
1905 1906
1906 1905
1907 1889
1908 1889
1909 1895
1910 1890
1910 1896
1911 1896
1912 1891
1913 1891
1914 1892
1914 1897
1915 1893
1916 1902
1916 1917
1916 1918
1917 1902
1917 1916
1917 1918
1918 1902
1918 1916
1918 1917
1923 1924
1924 1923
1925 1931
1925 1935
1925 1945
1925 1963
1926 1928
1926 1949
1926 1950
1926 1951
1926 1952
1927 1929
1927 1955
1928 1926
1928 1949
1928 1950
1928 1951
1929 1927
1929 1955
1930 1932
1930 1941
1931 1925
1931 1935
1931 1936
1931 1937
1931 1945
1931 1946
1932 1930
1933 1959
1935 1931
1935 1946
1936 1931
1936 1937
1936 1938
1937 1931
1937 1936
1937 1938
1938 1936
1938 1937
1939 1953
1941 1930
1942 1943
1943 1942
1943 1957
1944 1933
1944 1959
1945 1925
1945 1931
1945 1935
1946 1931
1946 1935
1946 1945
1949 1926
1949 1928
1949 1950
1950 1926
1950 1949
1951 1926
1951 1928
1951 1952
1953 1939
1955 1927
1955 1929
1957 1943
1957 1958
1958 1957
1959 1933
1959 1944
1961 1983
1962 1961
1962 1967
1962 1984
1962 1985
1963 1967
1963 1986
1966 1980
1966 1981
1967 1962
1967 1963
1969 1964
1970 1974
1971 1975
1971 1976
1974 1970
1975 1971
1976 1971
1977 1971
1977 1976
1979 1965
1980 1966
1980 1981
1981 1966
1981 1980
1982 1961
1982 1983
1983 1961
1983 1982
1984 1962
1986 1963
1987 2013
1987 2014
1988 1999
1989 1997
1989 2048
1990 1987
1990 1996
1990 2015
1992 2006
1993 1994
1994 1993
1994 1995
1995 1993
1995 1994
1997 1989
1999 1988
2006 1992
2008 2009
2008 2010
2008 2011
2009 2008
2009 2010
2010 2008
2010 2009
2010 2011
2011 2010
2014 1987
2015 1990
2016 2017
2016 2021
2016 2037
2017 2016
2017 2021
2017 2022
2017 2024
2017 2038
2018 2040
2019 2025
2019 2041
2019 2042
2021 2016
2021 2017
2021 2022
2021 2024
2021 2038
2022 2017
2022 2021
2022 2024
2022 2038
2024 2017
2024 2021
2024 2022
2024 2038
2025 2019
2025 2041
2025 2042
2026 2027
2026 2028
2026 2029
2026 2045
2026 2046
2027 2026
2027 2028
2027 2029
2027 2046
2028 2026
2028 2027
2028 2029
2028 2030
2028 2045
2028 2046
2029 2026
2029 2027
2029 2028
2030 2028
2030 2029
2030 2047
2031 2032
2032 2031
2036 2016
2037 2016
2038 2017
2038 2021
2038 2022
2038 2024
2040 2018
2041 2019
2041 2025
2041 2042
2042 2019
2042 2025
2042 2041
2043 2044
2044 2043
2045 2026
2045 2027
2045 2028
2045 2046
2046 2026
2046 2027
2046 2028
2046 2045
2047 2030
