6 29
6 30
9 13
11 12
11 15
12 11
12 13
13 9
13 12
14 17
15 11
17 14
18 45
21 20
22 23
23 22
25 24
27 25
27 28
28 27
28 31
29 6
29 30
29 31
30 6
30 29
31 28
31 29
33 36
34 35
36 33
36 40
37 111
38 39
41 42
42 41
42 43
43 41
45 18
46 19
47 49
48 49
49 47
49 48
51 52
52 51
54 55
54 56
54 58
55 54
55 56
56 54
56 55
56 58
58 54
58 56
61 63
62 66
63 64
64 63
65 66
65 67
66 62
66 65
67 65
70 71
70 75
71 70
71 72
72 71
74 75
75 70
75 74
76 80
78 81
78 82
78 83
80 76
81 78
81 82
81 83
82 78
82 81
82 83
83 78
83 81
83 82
84 85
84 86
85 84
85 86
85 89
86 84
86 85
88 227
89 85
89 262
90 91
90 175
90 181
90 182
91 90
91 265
92 97
96 97
96 98
97 92
97 96
97 98
98 96
98 97
99 100
100 99
100 104
101 102
102 101
106 107
107 106
108 109
109 108
111 37
111 112
112 111
113 114
116 115
116 118
117 118
118 116
118 117
118 137
122 126
123 124
123 125
124 125
124 506
125 123
125 124
126 122
126 127
127 126
128 129
130 132
130 133
131 132
131 133
132 130
132 131
133 130
133 131
133 132
133 136
136 130
136 133
137 118
137 138
138 137
139 140
139 145
139 146
139 147
140 139
140 141
141 140
141 147
143 144
144 142
144 143
145 139
145 146
145 147
145 151
146 139
146 145
146 147
146 151
147 139
147 141
147 145
147 146
147 151
148 149
149 148
151 145
151 146
151 147
151 152
152 151
152 186
154 155
155 154
156 157
157 156
158 164
158 166
159 160
159 166
160 159
161 168
162 164
162 165
164 158
164 162
164 165
165 162
165 164
165 170
166 158
166 159
167 171
168 161
169 170
169 177
169 178
170 165
171 180
172 173
173 172
175 90
175 176
176 175
176 177
177 169
177 175
177 176
179 180
180 171
180 179
181 90
181 182
181 183
181 342
182 90
182 175
182 181
183 181
184 345
184 346
185 184
185 345
185 346
185 348
186 152
186 187
186 188
187 186
187 188
188 186
188 187
190 192
190 193
190 198
191 190
191 192
191 193
191 198
192 190
192 191
192 193
192 198
193 190
193 191
193 192
193 198
195 189
195 196
196 195
197 571
198 190
198 191
198 193
200 207
202 203
202 209
203 202
203 204
204 205
205 206
206 205
206 211
206 212
207 200
207 583
208 210
209 210
210 208
210 209
211 206
211 212
212 206
212 211
213 220
213 221
214 215
215 214
215 222
216 217
216 386
216 387
217 216
217 387
218 219
218 220
218 391
218 392
219 218
220 213
220 218
220 221
220 391
220 392
221 213
221 220
221 390
221 391
221 392
221 393
222 215
222 223
223 222
225 230
228 229
228 230
228 233
229 228
229 230
229 233
230 225
230 228
230 229
231 232
232 231
232 235
233 228
233 229
234 235
234 239
235 232
235 234
236 237
237 240
239 234
239 240
239 249
239 250
240 237
240 239
241 242
242 241
242 243
242 274
243 274
245 244
247 246
248 249
248 250
248 251
248 252
249 239
249 248
249 250
249 251
249 252
250 239
250 248
250 249
250 252
251 248
251 249
251 252
252 248
252 249
252 250
252 251
252 256
253 254
253 256
253 257
254 253
255 260
256 252
256 257
257 253
257 256
259 260
260 255
260 259
262 89
263 264
264 263
264 267
265 91
267 264
268 269
268 276
270 271
271 270
271 272
272 271
272 273
273 271
273 272
273 277
273 359
274 242
274 243
275 278
275 279
276 268
277 272
277 273
277 359
278 274
278 275
279 275
279 278
280 281
281 280
281 283
282 281
282 283
283 282
285 286
286 285
286 321
287 288
287 289
288 289
289 287
289 288
291 290
292 296
295 298
295 299
296 292
296 295
298 295
298 299
299 295
299 298
303 309
303 310
303 311
303 312
304 301
304 306
305 306
305 307
305 316
306 304
306 305
306 307
306 316
307 305
307 306
307 316
309 303
309 310
309 311
309 312
309 313
309 314
310 303
310 309
310 311
310 312
310 313
310 314
311 303
311 309
311 310
311 312
312 303
312 309
312 310
312 311
313 309
313 310
313 314
313 315
314 309
314 310
314 313
314 315
314 320
315 313
315 314
315 320
316 305
316 306
316 307
316 315
317 318
317 1020
318 317
319 1023
319 1024
320 314
320 315
321 286
326 329
327 332
329 326
329 330
330 329
330 331
331 330
332 327
333 334
334 329
334 333
335 340
337 338
340 335
340 341
341 340
341 1054
343 344
343 351
344 343
345 184
345 185
345 346
346 184
346 185
346 345
346 347
346 348
347 346
347 348
347 349
348 185
348 346
348 347
348 349
349 347
349 348
351 354
354 351
354 355
354 356
355 351
355 354
355 356
356 354
356 355
356 362
358 357
358 366
358 367
358 369
359 273
359 277
361 362
361 365
361 371
362 356
362 361
363 364
363 365
363 366
363 367
364 363
364 365
364 366
364 367
365 361
365 363
365 364
365 366
365 367
365 372
366 358
366 363
366 364
366 365
366 367
367 358
367 363
367 364
367 365
367 366
367 372
369 358
369 368
370 371
370 377
371 361
371 370
371 378
372 365
373 380
375 376
376 375
377 370
377 382
378 371
379 380
379 381
379 384
380 373
380 379
380 381
381 380
381 384
382 383
383 382
384 379
385 394
386 216
386 217
386 387
387 216
387 217
387 386
388 389
390 221
390 391
390 392
390 393
390 396
391 218
391 220
391 221
391 390
391 392
392 218
392 220
392 221
392 390
392 391
393 221
393 390
394 385
395 399
395 400
396 390
397 772
399 400
400 395
400 399
401 402
402 401
403 405
403 408
404 403
404 405
404 408
405 403
405 404
405 408
408 403
408 404
408 405
409 417
409 418
411 412
411 413
411 422
411 423
411 424
412 411
413 411
413 414
413 422
413 423
413 424
414 413
417 409
417 418
418 409
418 417
418 468
419 421
420 421
420 422
420 424
421 419
421 420
421 422
421 469
422 411
422 413
422 420
422 421
422 423
422 424
423 411
423 413
423 422
423 424
424 411
424 413
424 420
424 422
424 423
426 427
427 426
428 429
428 437
429 428
429 430
429 431
429 437
430 429
430 431
430 432
431 428
431 429
431 430
431 432
431 437
432 429
432 430
432 431
433 434
434 433
434 440
435 436
436 435
436 438
437 428
437 429
437 431
437 438
438 435
438 436
438 437
439 440
440 434
440 439
442 441
442 447
445 446
445 447
445 448
445 453
446 445
446 447
446 448
447 442
447 445
447 446
447 448
448 447
448 453
449 450
449 454
449 455
449 456
450 449
450 454
450 456
451 452
451 459
452 451
452 459
452 460
453 445
453 448
453 459
454 450
454 455
455 449
455 454
455 456
456 449
456 450
457 462
458 459
458 460
458 463
458 464
459 451
459 452
459 453
459 458
459 460
460 458
460 459
460 463
461 465
462 457
463 458
463 460
463 464
464 458
464 463
465 461
467 468
467 473
467 474
468 418
468 467
468 474
469 420
469 421
471 470
472 821
473 467
473 474
474 467
474 468
474 473
474 475
475 473
475 474
475 480
476 478
477 476
478 476
478 477
480 475
481 482
481 488
481 489
481 490
482 481
482 488
482 489
482 490
484 485
485 484
487 486
487 492
487 493
487 494
488 482
488 489
488 490
489 481
489 482
489 488
489 490
490 481
490 482
490 488
490 489
492 487
492 493
492 494
492 501
493 487
493 492
493 494
494 487
494 492
494 493
495 502
496 497
497 496
498 499
498 503
499 498
500 492
500 504
503 498
504 500
506 124
507 510
511 512
511 518
512 518
513 514
514 513
514 519
517 516
518 511
518 512
520 523
522 519
523 520
524 525
527 528
528 527
528 530
529 530
530 529
533 532
533 534
533 569
535 536
536 535
539 540
539 541
539 542
539 543
539 548
540 539
540 541
540 542
540 543
540 548
541 539
541 540
541 542
541 543
541 548
541 551
542 539
542 540
542 541
542 543
542 551
543 539
543 540
543 541
543 542
543 551
544 543
544 545
545 544
545 546
545 553
546 545
548 539
548 540
548 541
548 542
548 549
548 550
549 548
549 550
549 557
549 558
550 548
550 549
551 540
551 541
551 542
551 543
552 553
553 552
554 555
554 560
555 554
556 557
556 558
557 549
557 556
557 558
558 549
558 556
558 557
560 554
560 561
561 560
564 565
565 564
567 647
569 533
571 197
571 200
572 569
572 574
572 579
573 574
573 575
574 572
574 573
574 579
575 573
576 577
576 578
577 576
577 578
578 576
578 577
579 572
579 574
582 589
582 590
582 591
583 207
585 586
586 585
587 588
589 582
589 590
589 591
590 582
590 589
591 582
591 589
591 590
594 768
595 767
596 597
597 596
597 598
598 597
598 622
598 627
600 604
601 605
602 601
602 605
604 600
604 608
605 601
605 602
606 612
608 604
609 612
610 612
610 616
611 610
611 612
612 606
612 609
612 610
612 611
612 616
614 615
615 614
615 616
615 617
616 610
616 611
616 612
616 615
616 617
617 615
617 616
617 620
617 621
620 617
620 621
621 617
621 620
622 598
622 627
624 625
625 624
627 598
627 622
627 789
630 631
631 629
631 630
632 634
632 635
632 638
633 632
633 638
634 632
634 635
634 636
634 638
635 632
635 634
635 636
636 634
636 635
636 637
636 638
636 642
636 643
637 636
637 638
637 642
638 632
638 633
638 634
638 636
638 637
640 641
641 640
642 637
642 643
642 644
643 636
643 642
644 642
644 643
645 561
645 646
647 567
652 654
652 657
653 652
653 654
653 657
654 652
654 653
654 657
655 656
656 655
657 652
657 653
657 654
657 658
657 659
658 657
659 657
659 658
660 661
660 662
661 660
661 662
661 664
662 660
662 661
664 661
664 666
666 664
667 668
667 669
668 667
669 667
669 668
671 672
671 673
671 678
672 678
673 671
673 678
673 679
674 675
675 674
677 683
678 671
678 672
678 673
678 679
678 680
679 673
679 678
679 680
680 678
680 679
681 686
681 687
683 677
683 723
684 685
684 686
685 684
685 686
686 681
686 684
686 685
686 687
686 730
687 681
687 686
688 690
688 694
689 690
690 688
690 689
690 693
690 694
692 691
693 690
693 694
694 688
694 690
694 693
697 695
697 700
697 701
697 702
698 696
700 697
700 701
700 702
701 697
701 700
701 702
702 697
702 700
702 701
703 704
704 708
704 709
704 710
705 744
705 745
705 755
706 707
706 715
707 706
707 715
708 704
708 709
708 710
708 711
709 704
709 708
709 710
709 711
710 704
710 708
710 709
710 711
711 708
711 709
711 710
711 712
712 711
712 713
713 712
714 718
715 706
715 707
715 716
715 717
715 887
716 715
716 717
716 887
716 888
717 715
717 716
718 714
719 760
720 721
721 720
722 724
722 725
723 683
723 722
724 722
724 726
724 728
724 731
725 722
725 727
726 724
726 727
726 728
726 731
726 732
726 734
727 725
727 726
727 728
728 724
728 726
728 727
729 730
729 733
730 686
730 729
731 724
731 726
731 732
732 726
732 731
732 734
733 729
733 734
734 726
734 732
736 737
738 739
738 743
739 738
739 743
740 746
741 736
741 748
742 743
742 753
743 738
743 739
743 742
744 705
744 745
744 755
745 705
745 744
746 740
746 747
747 746
748 741
748 749
748 750
748 751
749 750
749 751
749 756
750 748
750 749
750 751
751 748
751 749
751 750
752 753
752 754
753 742
753 752
753 754
754 752
754 753
755 744
756 757
757 756
759 764
760 719
760 918
764 759
764 765
765 764
766 767
767 766
767 769
768 594
769 766
769 767
772 397
773 777
774 775
774 776
775 774
775 776
776 774
776 775
776 780
777 773
780 776
781 782
782 781
782 784
783 784
784 782
784 783
789 627
789 790
790 789
790 795
792 798
793 794
794 793
795 790
795 796
796 795
797 801
798 792
799 896
801 797
801 802
802 801
804 805
806 803
806 811
808 809
809 808
811 806
812 813
812 816
813 812
813 814
813 816
814 812
814 813
814 816
816 813
816 814
818 819
819 818
821 472
821 822
822 821
822 824
823 854
824 822
825 828
826 829
828 825
828 833
829 826
829 830
830 829
833 828
835 837
836 835
836 837
836 863
836 864
836 865
837 835
837 836
839 838
840 847
842 843
842 844
843 844
843 848
844 842
846 847
847 840
847 846
848 843
850 854
851 818
851 819
851 852
852 851
853 952
854 823
854 850
855 858
856 860
856 861
858 855
858 859
859 858
860 856
860 861
860 868
861 860
861 868
863 836
863 864
863 865
864 836
864 863
864 865
865 836
865 863
865 864
866 874
867 868
868 860
868 867
869 862
870 869
870 871
870 963
871 869
871 870
871 876
871 969
872 873
872 874
873 872
873 874
874 872
874 873
875 876
875 881
875 882
875 969
876 871
876 875
876 969
878 879
879 884
880 881
880 882
880 883
881 875
881 880
881 882
881 883
881 978
881 979
882 875
882 880
882 881
882 883
882 978
882 979
883 880
883 881
883 882
884 879
885 979
885 980
885 1567
887 715
887 716
887 888
888 716
890 891
890 892
890 893
890 894
890 895
891 890
891 892
891 893
891 894
891 895
892 890
892 891
892 893
892 894
892 895
893 890
893 891
893 892
893 894
893 895
894 890
894 891
894 892
894 893
894 895
895 890
895 891
895 892
895 893
895 894
897 898
898 897
898 899
899 897
899 900
899 906
900 899
902 903
903 902
904 905
904 906
904 907
904 908
905 904
905 906
905 908
906 904
906 905
907 904
907 905
907 908
908 904
908 905
908 907
908 909
908 910
909 908
909 910
910 908
911 913
912 914
913 911
914 912
916 954
917 954
917 955
917 956
919 923
920 926
921 922
921 927
922 921
922 923
922 927
922 928
922 929
923 919
923 922
925 926
926 920
927 921
927 922
927 928
927 929
928 922
928 927
928 929
929 922
929 927
929 928
932 933
934 935
934 937
935 936
936 934
936 935
936 937
937 934
937 935
939 940
939 941
939 944
939 945
940 939
940 945
941 939
941 942
941 943
942 941
942 943
942 946
943 941
943 942
943 946
944 939
944 940
944 945
945 939
945 940
945 944
946 943
947 948
948 947
949 951
950 949
951 949
951 950
952 853
954 916
954 917
954 955
955 917
955 954
955 956
956 917
957 958
957 959
957 962
957 963
958 957
958 959
958 962
959 957
959 958
959 962
960 961
961 960
961 965
962 959
963 870
963 957
963 962
965 961
966 967
966 972
967 966
968 1005
969 871
969 875
969 876
972 966
972 967
972 975
973 1005
975 972
975 976
976 974
976 975
977 984
978 881
978 882
978 979
978 980
979 881
979 885
979 978
979 980
980 978
980 979
981 982
982 981
984 977
984 1674
987 991
988 989
989 988
990 995
990 996
991 987
992 991
993 994
994 993
994 995
995 990
995 994
995 996
996 990
996 997
997 996
998 1000
999 1004
1004 999
1004 1003
1005 968
1005 973
1007 1009
1008 1009
1009 1008
1010 1006
1010 1012
1011 1012
1012 1010
1012 1011
1013 1014
1014 1013
1015 1016
1016 1015
1016 1017
1016 1019
1017 1016
1017 1018
1017 1019
1018 1017
1018 1019
1019 1016
1019 1017
1020 317
1021 1022
1021 1023
1021 1024
1022 1021
1022 1023
1022 1024
1023 319
1023 1021
1023 1022
1023 1024
1024 319
1024 1021
1024 1022
1024 1023
1027 1028
1028 1027
1029 1034
1033 1034
1034 1029
1034 1033
1035 1036
1035 1040
1036 1035
1037 1040
1038 1042
1039 1040
1040 1035
1040 1037
1040 1039
1042 1043
1045 1046
1046 1045
1047 1048
1049 1050
1052 1058
1052 1059
1053 1054
1053 1055
1053 1059
1054 341
1054 1053
1054 1055
1055 1053
1055 1054
1056 1051
1056 1061
1057 1058
1058 1052
1058 1057
1058 1059
1059 1052
1059 1053
1059 1058
1060 1065
1061 1056
1061 1062
1061 1063
1062 1061
1062 1063
1063 1061
1063 1062
1065 1069
1068 1070
1069 1065
1069 1157
1072 1079
1074 1075
1074 1114
1074 1115
1076 1077
1076 1079
1077 1076
1077 1078
1077 1079
1078 1077
1079 1072
1079 1076
1079 1077
1080 1081
1081 1080
1082 1083
1082 1090
1083 1082
1083 1084
1083 1090
1084 1083
1086 1087
1087 1086
1088 1089
1089 1088
1090 1082
1091 1095
1091 1096
1091 1097
1092 1098
1094 1118
1095 1091
1095 1096
1095 1097
1096 1091
1096 1095
1096 1101
1097 1091
1097 1095
1097 1098
1098 1092
1098 1097
1100 1105
1100 1106
1101 1102
1101 1103
1102 1101
1102 1103
1103 1101
1103 1102
1104 1100
1104 1105
1104 1106
1104 1110
1105 1100
1105 1104
1106 1100
1106 1104
1106 1105
1107 1108
1107 1109
1108 1107
1108 1109
1109 1107
1109 1108
1110 1104
1113 1114
1113 1115
1114 1074
1114 1113
1114 1115
1115 1074
1115 1113
1115 1114
1117 1116
1118 1094
1118 1120
1119 1120
1120 1118
1120 1119
1120 1121
1121 1120
1122 1123
1123 1122
1126 1127
1127 1126
1127 1131
1128 1129
1128 1131
1129 1128
1129 1131
1130 1131
1131 1127
1131 1128
1131 1129
1131 1130
1132 1133
1132 1134
1132 1135
1133 1132
1133 1134
1134 1132
1134 1133
1134 1135
1135 1132
1135 1133
1135 1134
1137 1138
1139 1303
1139 1304
1140 1141
1140 1305
1141 1136
1141 1140
1142 1233
1143 1140
1143 1142
1143 1233
1144 1145
1144 1146
1144 1147
1144 1148
1144 1150
1145 1144
1145 1146
1145 1147
1145 1148
1145 1150
1146 1144
1146 1145
1146 1149
1146 1150
1147 1144
1147 1145
1147 1148
1148 1144
1148 1145
1148 1147
1149 1146
1149 1150
1150 1144
1150 1145
1150 1146
1150 1149
1152 1153
1152 1156
1153 1152
1153 1156
1156 1152
1156 1153
1157 1069
1158 1160
1158 1164
1159 1160
1160 1158
1160 1159
1162 1163
1162 1190
1163 1162
1164 1158
1164 1165
1164 1166
1164 1167
1164 1169
1165 1164
1165 1166
1165 1167
1165 1168
1166 1164
1166 1165
1166 1167
1166 1168
1167 1164
1167 1166
1167 1169
1168 1165
1168 1169
1169 1164
1169 1165
1169 1166
1169 1167
1169 1168
1170 1171
1170 1172
1171 1170
1171 1172
1172 1170
1172 1171
1173 1177
1173 1199
1174 1168
1175 1176
1175 1177
1176 1175
1176 1209
1176 1210
1177 1173
1181 1182
1182 1181
1184 1185
1184 1186
1184 1187
1185 1184
1185 1186
1185 1187
1186 1184
1186 1187
1187 1184
1187 1185
1187 1186
1188 1183
1188 1191
1190 1162
1191 1188
1194 1541
1195 1196
1195 1200
1195 1201
1196 1195
1196 1200
1196 1201
1197 1198
1198 1197
1199 1173
1200 1195
1200 1196
1200 1201
1201 1195
1201 1196
1201 1200
1205 1206
1206 1207
1207 1206
1207 1244
1208 1204
1209 1176
1209 1210
1209 1211
1210 1176
1210 1209
1210 1211
1216 1217
1216 1224
1216 1225
1217 1216
1218 1219
1218 1225
1218 1226
1219 1218
1219 1226
1220 1221
1220 1222
1221 1220
1221 1222
1222 1220
1224 1216
1224 1228
1225 1216
1225 1218
1226 1218
1226 1219
1227 1228
1227 1231
1228 1224
1228 1227
1230 1231
1231 1227
1231 1230
1233 1142
1233 1143
1234 1235
1236 1399
1237 1238
1237 1400
1238 1237
1239 1240
1240 1239
1240 1241
1241 1239
1241 1240
1241 1266
1244 1245
1245 1244
1245 1246
1249 1251
1250 1251
1250 1252
1251 1249
1251 1250
1252 1250
1253 1254
1253 1255
1254 1253
1254 1255
1255 1253
1255 1254
1255 1259
1259 1254
1259 1255
1261 1262
1261 1266
1262 1261
1262 1265
1262 1266
1263 1264
1263 1270
1263 1271
1264 1263
1266 1241
1266 1262
1266 1265
1268 1269
1268 1425
1269 1268
1269 1270
1269 1271
1269 1425
1270 1263
1270 1269
1270 1271
1271 1263
1271 1269
1271 1270
1272 1273
1272 1274
1273 1272
1273 1274
1274 1272
1274 1275
1275 1273
1275 1274
1275 1276
1278 1112
1279 1281
1280 1281
1281 1279
1281 1280
1288 1289
1288 1297
1289 1288
1289 1290
1290 1288
1290 1289
1290 1296
1290 1297
1291 1297
1292 1293
1292 1294
1292 1300
1293 1292
1293 1294
1293 1300
1294 1292
1294 1293
1295 1296
1295 1297
1296 1290
1296 1295
1296 1297
1297 1288
1297 1290
1297 1291
1297 1295
1297 1296
1298 1299
1299 1298
1300 1292
1300 1293
1300 1301
1301 1300
1301 1338
1302 1331
1302 1340
1303 1304
1304 1139
1304 1303
1305 1140
1305 1308
1307 1313
1308 1305
1308 1309
1310 1314
1312 1311
1312 1316
1313 1307
1314 1310
1314 1315
1314 1317
1315 1314
1315 1316
1315 1317
1315 1318
1316 1312
1316 1315
1316 1317
1316 1318
1317 1310
1317 1314
1317 1315
1317 1316
1317 1318
1318 1315
1318 1316
1318 1317
1319 1320
1319 1322
1320 1319
1320 1321
1321 1319
1321 1320
1322 1319
1322 1325
1323 1328
1325 1322
1327 1323
1327 1328
1328 1323
1329 1330
1329 1333
1330 1329
1332 1368
1333 1329
1334 1419
1335 1337
1336 1337
1337 1335
1337 1336
1340 1302
1340 1331
1342 1343
1342 1344
1342 1345
1342 1354
1343 1342
1343 1344
1344 1342
1344 1343
1344 1345
1345 1342
1345 1344
1345 1354
1346 1345
1347 1348
1347 1355
1348 1347
1348 1355
1349 1350
1349 1356
1349 1357
1350 1349
1351 1352
1353 1354
1353 1358
1354 1342
1354 1345
1354 1353
1355 1347
1355 1348
1356 1349
1356 1357
1357 1349
1357 1356
1358 1353
1359 1363
1361 1362
1362 1361
1362 1364
1362 1365
1363 1359
1364 1362
1364 1365
1365 1362
1365 1364
1368 1332
1369 1370
1370 1369
1370 1371
1370 1372
1371 1370
1371 1372
1371 1373
1371 1380
1372 1370
1372 1371
1373 1371
1373 1380
1374 1375
1375 1374
1375 1376
1376 1375
1376 1382
1378 1379
1378 1385
1379 1378
1379 1385
1380 1371
1382 1376
1382 1386
1383 1387
1385 1378
1385 1379
1385 1384
1386 1382
1386 1383
1386 1387
1387 1386
1388 1389
1388 1391
1389 1393
1390 1398
1391 1393
1393 1388
1393 1389
1393 1392
1394 1395
1395 1394
1395 1396
1396 1394
1396 1395
1398 1390
1398 1397
1399 1236
1400 1237
1402 1407
1403 1404
1404 1403
1404 1405
1404 1406
1405 1404
1405 1406
1406 1404
1406 1405
1407 1402
1408 1412
1408 1413
1409 1410
1410 1409
1411 1412
1411 1413
1412 1408
1412 1411
1412 1413
1413 1408
1413 1411
1413 1412
1417 1418
1417 1420
1418 1417
1420 1417
1420 1422
1421 1422
1421 1423
1421 1461
1421 1462
1421 1463
1421 1464
1422 1420
1422 1421
1422 1423
1422 1461
1422 1462
1422 1463
1423 1421
1423 1422
1425 1268
1425 1269
1428 1429
1428 1431
1430 1431
1430 1432
1430 1436
1431 1428
1431 1430
1432 1430
1432 1435
1432 1436
1434 1428
1434 1438
1435 1432
1435 1436
1436 1430
1436 1432
1436 1435
1437 1433
1438 1434
1438 1439
1439 1438
1439 1440
1440 1439
1440 1445
1444 1445
1444 1446
1444 1454
1445 1440
1445 1444
1445 1454
1446 1444
1446 1447
1446 1454
1446 1456
1447 1446
1447 1448
1447 1456
1448 1441
1448 1447
1449 1451
1450 1451
1450 1821
1451 1449
1451 1450
1451 1821
1453 1454
1453 1455
1453 1493
1454 1444
1454 1445
1454 1446
1454 1453
1454 1456
1455 1453
1456 1446
1456 1447
1456 1454
1457 1458
1457 1497
1458 1457
1459 1468
1460 1461
1461 1421
1461 1422
1461 1460
1461 1462
1461 1463
1462 1421
1462 1422
1462 1461
1462 1463
1463 1421
1463 1422
1463 1461
1463 1462
1466 1467
1467 1466
1473 1474
1474 1473
1475 1514
1477 1484
1477 1514
1478 1485
1479 1481
1479 1482
1479 1486
1480 1479
1480 1481
1480 1482
1480 1486
1481 1479
1481 1480
1481 1482
1481 1486
1481 1487
1482 1479
1482 1480
1482 1481
1482 1483
1483 1482
1485 1478
1486 1479
1486 1480
1486 1481
1490 1491
1490 1492
1490 1493
1491 1490
1491 1492
1491 1493
1492 1490
1492 1491
1492 1493
1492 1498
1493 1453
1493 1490
1493 1491
1493 1492
1494 1495
1494 1500
1495 1494
1495 1496
1495 1500
1497 1457
1497 1458
1498 1492
1498 1502
1499 1500
1499 1505
1500 1494
1500 1495
1500 1496
1500 1499
1502 1498
1503 1504
1503 1505
1503 1507
1504 1499
1504 1503
1505 1499
1505 1503
1507 1503
1507 1508
1507 1509
1507 1510
1507 1511
1508 1507
1508 1509
1508 1510
1508 1511
1508 1518
1509 1507
1509 1508
1509 1510
1509 1511
1509 1512
1510 1507
1510 1508
1510 1509
1510 1511
1511 1507
1511 1508
1511 1509
1511 1510
1511 1518
1512 1509
1513 1873
1513 1877
1514 1475
1514 1477
1516 1517
1517 1516
1518 1508
1518 1511
1519 1520
1520 1519
1522 1523
1522 1526
1523 1522
1523 1526
1523 1527
1526 1522
1526 1523
1526 1527
1527 1523
1527 1526
1528 1529
1529 1528
1529 1887
1530 1535
1530 1536
1531 1530
1533 1534
1533 1535
1534 1533
1534 1535
1534 1540
1535 1530
1535 1534
1535 1536
1536 1530
1536 1531
1537 1540
1539 1543
1539 1544
1540 1534
1540 1537
1540 1545
1541 1194
1542 1543
1543 1539
1543 1542
1544 1539
1545 1540
1546 1552
1547 1548
1548 1547
1548 1554
1549 1550
1549 1551
1549 1557
1550 1549
1551 1549
1551 1550
1552 1546
1553 1559
1555 1556
1555 1560
1556 1555
1557 1549
1559 1553
1560 1555
1562 1568
1565 1566
1566 1565
1568 1562
1569 1570
1569 1571
1570 1569
1570 1571
1571 1569
1571 1570
1572 1580
1573 1575
1574 1576
1574 1582
1575 1573
1575 1582
1576 1574
1576 1582
1576 1583
1577 1579
1577 1584
1578 1579
1579 1577
1580 1572
1582 1574
1582 1575
1582 1576
1583 1576
1583 1584
1583 1589
1584 1577
1585 1586
1585 1592
1586 1592
1587 1588
1588 1587
1588 1589
1589 1583
1589 1588
1590 1591
1590 1592
1590 1694
1591 1590
1591 1592
1591 1595
1591 1596
1592 1585
1592 1586
1592 1590
1592 1591
1594 1593
1595 1596
1596 1595
1596 1633
1597 1598
1597 1603
1598 1597
1600 1599
1601 1602
1602 1601
1602 1605
1602 1636
1603 1597
1605 1602
1606 1609
1606 1610
1608 1609
1608 1610
1608 1611
1609 1606
1609 1608
1609 1610
1609 1611
1610 1606
1610 1608
1610 1609
1610 1615
1611 1608
1611 1609
1611 1612
1612 1611
1612 1617
1612 1649
1612 1654
1614 1613
1614 1621
1616 1626
1617 1612
1617 1616
1617 1625
1617 1654
1619 1264
1620 1628
1621 1614
1621 1622
1621 1624
1622 1621
1622 1623
1622 1624
1622 1630
1623 1622
1623 1624
1624 1621
1624 1622
1624 1623
1625 1616
1625 1617
1625 1626
1625 1655
1626 1616
1626 1625
1626 1655
1627 1799
1628 1620
1628 1629
1629 1628
1629 1800
1630 1622
1631 1637
1631 1638
1631 1639
1633 1596
1633 1634
1633 1641
1634 1596
1634 1633
1635 1636
1636 1602
1636 1605
1636 1635
1637 1638
1638 1631
1638 1637
1638 1639
1639 1631
1639 1638
1639 1644
1641 1633
1642 1643
1642 1644
1643 1642
1643 1644
1643 1645
1643 1652
1644 1639
1644 1642
1644 1643
1645 1643
1645 1652
1646 1647
1646 1648
1647 1646
1648 1646
1649 1612
1649 1654
1650 1651
1651 1650
1652 1643
1652 1645
1653 1658
1654 1617
1654 1655
1655 1625
1655 1626
1655 1654
1655 1656
1656 1655
1656 1659
1657 1661
1658 1653
1659 1656
1661 1657
1661 1660
1663 1664
1664 1668
1668 1664
1668 1669
1668 1831
1668 1832
1669 1668
1669 1831
1669 1832
1671 1672
1672 983
1672 1671
1673 1674
1673 1678
1674 984
1674 1673
1676 1677
1676 1682
1677 1676
1677 1682
1678 1673
1679 1684
1680 1686
1681 1682
1681 1686
1682 1676
1682 1677
1682 1681
1683 1684
1683 1689
1684 1679
1686 1680
1686 1681
1686 1687
1687 1686
1687 1688
1687 1690
1688 1682
1688 1687
1689 1683
1690 1687
1691 1692
1692 1691
1693 1694
1694 1590
1695 1696
1696 1695
1696 1700
1697 1700
1697 1701
1699 1734
1700 1696
1700 1697
1700 1701
1701 1697
1701 1700
1703 1704
1704 1703
1705 1706
1706 1705
1707 1709
1708 1707
1708 1709
1709 1707
1709 1708
1710 1711
1710 1712
1711 1710
1711 1712
1712 1710
1712 1711
1715 1713
1715 1716
1716 1715
1717 1718
1718 1717
1722 1723
1724 1722
1724 1731
1725 1766
1725 1768
1727 1726
1727 1768
1727 1769
1728 1770
1729 1730
1730 1729
1731 1724
1731 1732
1732 1731
1732 1771
1733 1732
1733 1771
1734 1699
1740 1744
1741 1742
1741 1745
1742 1741
1743 1746
1744 1740
1745 1741
1746 1743
1747 1748
1748 1747
1748 1756
1750 1751
1752 1753
1752 1784
1753 1752
1753 1784
1754 1755
1754 1756
1754 1758
1755 1754
1755 1756
1755 1758
1756 1747
1756 1748
1756 1754
1756 1755
1757 1765
1758 1754
1758 1755
1758 1930
1758 1931
1759 1760
1760 1759
1760 1761
1760 1932
1760 1933
1761 1760
1761 1762
1761 1763
1761 1932
1761 1933
1761 1934
1762 1761
1762 1763
1763 1761
1764 1757
1764 1765
1765 1757
1765 1764
1766 1767
1767 1766
1768 1727
1768 1769
1769 1727
1769 1768
1769 1770
1770 1728
1770 1769
1771 1732
1771 1776
1773 1774
1773 1775
1774 1773
1774 1775
1775 1773
1775 1774
1776 1771
1778 1780
1778 1781
1778 1782
1780 1778
1780 1781
1780 1782
1781 1778
1781 1780
1781 1782
1782 1780
1782 1781
1782 1783
1783 1782
1784 1752
1784 1753
1784 1785
1784 1786
1785 1784
1785 1786
1785 1790
1785 1792
1786 1784
1786 1785
1786 1790
1786 1792
1787 1793
1790 1785
1790 1786
1790 1791
1790 1792
1791 1790
1792 1785
1792 1786
1792 1791
1793 1787
1793 1794
1794 1793
1797 1960
1797 1961
1798 1799
1799 1627
1800 1801
1800 1802
1801 1800
1801 1802
1801 1807
1802 1800
1802 1801
1802 1803
1803 1802
1804 1803
1804 1805
1804 1806
1805 1806
1805 1808
1806 1804
1807 1801
1807 1811
1809 1810
1810 1809
1811 1807
1813 1814
1813 1818
1814 1813
1814 1818
1815 1818
1818 1813
1818 1814
1818 1815
1819 1443
1821 1450
1821 1451
1821 1823
1822 1823
1822 1824
1823 1821
1823 1822
1823 1824
1824 1822
1824 1823
1825 1827
1828 1829
1829 1828
1830 1838
1831 1668
1831 1669
1831 1832
1831 1833
1832 1668
1832 1669
1832 1831
1832 1833
1833 1831
1833 1832
1833 1840
1833 1841
1834 1835
1835 1834
1836 1837
1836 1844
1837 1836
1837 1838
1838 1830
1838 1837
1840 1833
1840 1841
1840 1846
1840 1940
1840 1941
1841 1833
1841 1840
1841 1846
1842 1836
1842 1843
1842 1844
1843 1842
1843 1844
1843 1845
1843 1849
1844 1836
1844 1842
1844 1843
1844 1845
1845 1843
1845 1844
1846 1840
1846 1841
1846 1940
1847 1848
1847 1849
1848 1847
1849 1843
1849 1847
1850 1851
1851 1850
1851 1853
1851 1854
1854 1851
1854 1853
1858 1859
1859 1858
1859 1860
1860 1859
1863 1864
1864 1863
1866 1865
1867 1868
1867 1870
1867 1871
1867 1899
1868 1867
1868 1870
1868 1871
1868 1899
1869 1506
1870 1867
1870 1868
1870 1871
1870 1872
1870 1898
1870 1899
1871 1867
1871 1868
1871 1870
1872 1870
1873 1513
1873 1874
1873 1877
1873 1878
1874 1873
1875 1879
1877 1513
1877 1873
1878 1873
1879 1875
1879 1878
1881 1915
1882 1883
1882 1884
1882 1887
1883 1521
1883 1882
1883 1884
1884 1882
1884 1883
1885 1886
1886 1885
1887 1529
1887 1888
1888 1887
1889 1890
1890 1889
1891 1892
1892 1891
1893 1894
1894 1893
1895 1901
1897 1898
1897 1899
1897 1900
1898 1870
1898 1897
1898 1899
1898 1900
1899 1867
1899 1868
1899 1870
1899 1897
1899 1898
1900 1897
1900 1898
1901 1895
1901 1902
1901 1903
1902 1901
1902 1903
1903 1895
1903 1901
1903 1902
1904 1987
1905 1906
1906 1904
1906 1905
1907 1908
1907 1910
1907 1914
1907 1915
1907 1916
1908 1907
1908 1914
1908 1915
1909 1910
1910 1907
1910 1909
1910 1914
1910 1916
1911 1919
1912 1913
1912 1920
1913 1912
1914 1907
1914 1908
1914 1910
1914 1916
1915 1881
1915 1907
1915 1908
1915 1914
1916 1907
1916 1910
1916 1914
1916 1917
1916 1918
1917 1916
1917 1918
1918 1916
1918 1917
1919 1911
1920 1912
1921 1923
1922 1923
1923 1921
1923 1922
1924 1925
1925 1924
1926 1927
1926 1928
1927 1926
1927 1928
1928 1926
1928 1927
1929 1930
1929 1931
1929 1936
1930 1758
1930 1929
1930 1931
1931 1758
1931 1929
1931 1930
1932 1760
1932 1761
1932 1933
1932 1934
1932 1935
1933 1761
1933 1932
1933 1934
1933 1935
1934 1933
1934 1935
1935 1932
1935 1933
1935 1934
1935 1939
1938 1939
1939 1935
1939 1938
1940 1840
1940 1846
1940 1941
1940 1942
1941 1840
1941 1940
1941 1942
1942 1940
1942 1941
1943 1948
1945 1946
1946 1945
1947 1948
1948 1943
1948 1947
1953 1954
1953 1955
1953 1989
1953 1990
1954 1953
1954 1955
1954 1989
1954 1990
1955 1953
1955 1954
1955 1991
1958 1959
1960 1797
1960 1961
1962 1963
1963 1962
1965 1967
1965 1968
1965 1971
1966 1968
1966 1969
1966 1970
1966 1973
1967 1965
1967 1968
1968 1965
1968 1966
1968 1967
1968 1969
1969 1966
1969 1968
1970 1966
1973 1966
1973 1974
1973 1975
1974 1973
1975 1973
1975 1974
1975 1976
1976 1975
1976 1977
1976 1982
1977 1976
1979 1978
1980 1981
1980 1982
1980 1983
1980 1986
1981 1980
1981 1982
1981 1983
1982 1976
1982 1980
1982 1981
1982 1983
1983 1980
1983 1981
1983 1982
1984 1985
1984 2028
1985 2028
1986 1980
1986 2029
1987 1904
1989 1953
1989 1954
1989 1990
1990 1953
1990 1954
1990 1988
1990 1989
1994 1995
1994 1999
1995 1994
1998 2001
1999 1994
2003 2004
2004 2003
2006 2005
2006 2013
2006 2014
2007 2009
2007 2015
2007 2018
2008 2009
2009 2007
2009 2008
2009 2018
2010 2011
2010 2022
2010 2023
2011 2022
2011 2023
2012 2013
2013 2006
2013 2012
2013 2014
2014 2006
2014 2013
2014 2017
2015 2007
2015 2016
2015 2018
2015 2019
2016 2017
2017 2014
2017 2016
2018 2007
2018 2009
2018 2015
2018 2019
2019 2007
2019 2015
2019 2018
2019 2020
2020 2019
2020 2021
2020 2026
2021 2020
2022 2010
2022 2011
2022 2023
2023 2010
2023 2011
2023 2022
2024 2016
2026 2020
2026 2025
2028 1984
2028 1985
2029 1986
2031 2032
2031 2037
2032 2031
2034 2033
2034 2035
2035 2034
2036 2040
2037 2031
2037 2040
2039 2042
2040 2036
2040 2037
2040 2041
2041 2040
2042 2039
2043 2046
2044 2045
2045 2044
2046 2043
2046 2047
2047 2046
