2 1
3 1
3 2
4 1
4 2
4 140
4 645
5 1
5 2
5 3
5 4
5 615
6 1
6 3
6 4
6 59
6 670
7 1
7 4
7 5
8 1
8 4
9 1
9 4
9 6
9 335
10 1
10 2
10 4
10 6
10 476
11 1
11 4
11 55
11 461
12 1
12 2
12 3
12 5
12 965
13 1
13 2
13 4
13 5
14 2
14 4
14 5
14 10
14 226
15 1
15 2
15 5
15 10
15 13
15 125
15 358
15 460
16 1
16 4
17 2
17 4
17 7
17 11
17 13
17 1001
18 1
18 4
18 6
18 13
18 14
19 1
19 4
19 5
19 16
19 135
20 4
20 7
20 10
20 18
20 949
21 1
21 4
21 7
21 18
21 349
21 579
21 769
21 828
22 1
22 5
22 6
22 244
23 1
23 3
23 4
23 14
24 1
24 4
24 5
24 10
24 19
25 4
25 5
25 14
25 20
26 2
26 7
26 10
26 21
26 1005
27 1
27 4
27 11
27 153
27 622
27 985
28 1
28 2
28 8
28 12
28 13
29 5
29 10
29 17
29 19
29 25
30 6
30 7
30 21
30 22
31 1
31 2
31 20
31 186
32 4
32 5
32 10
32 13
33 7
33 8
33 10
33 26
34 2
34 4
34 28
35 1
35 5
35 6
35 10
35 20
36 3
36 4
36 23
37 1
37 4
37 10
37 13
37 19
38 1
38 4
38 9
38 22
38 37
39 1
39 2
39 16
39 25
39 31
40 2
40 4
40 13
40 17
41 1
41 7
41 18
41 25
41 36
41 1010
42 2
42 7
42 8
42 12
42 22
42 415
42 850
43 1
43 4
43 12
43 14
43 39
44 3
44 4
44 29
45 4
45 18
45 33
46 1
46 4
46 746
47 3
47 10
47 20
47 32
47 40
48 11
48 15
48 19
48 28
48 35
49 5
49 10
49 18
49 28
49 34
49 254
50 1
50 6
50 16
50 31
50 763
51 3
51 19
51 29
51 165
52 8
52 9
52 40
52 41
52 49
53 1
53 9
53 11
53 20
53 23
54 1
54 4
54 20
54 26
54 50
55 1
55 3
55 18
55 44
56 1
56 22
56 23
56 33
56 47
57 4
57 19
57 31
57 32
57 40
58 1
58 10
58 29
58 34
58 42
58 257
58 347
59 1
59 4
59 28
59 40
59 214
59 713
60 4
60 10
60 16
60 29
60 45
60 847
61 1
61 23
61 33
61 34
61 50
61 879
62 2
62 4
62 16
62 32
63 2
63 3
63 13
63 56
63 441
64 11
64 13
64 14
64 33
64 38
65 7
65 11
65 19
65 41
66 1
66 2
66 11
66 37
66 65
67 1
67 2
67 4
67 18
67 30
68 1
68 5
68 11
68 52
68 64
68 1007
69 5
69 6
69 25
69 36
69 49
70 4
70 15
70 21
70 28
70 41
70 585
71 1
71 31
71 39
71 63
71 68
72 14
72 19
72 24
72 27
73 4
73 7
73 17
73 28
73 36
74 2
74 41
74 49
74 50
74 51
74 424
74 581
75 1
75 23
75 25
75 27
75 42
75 287
76 1
76 13
76 17
76 33
76 68
77 4
77 5
77 28
77 36
77 57
78 1
78 2
78 4
78 5
78 33
78 240
79 9
79 16
79 23
79 39
79 58
79 765
80 1
80 21
80 31
80 36
80 669
81 2
81 23
81 38
81 52
81 77
82 5
82 7
82 12
82 20
82 76
83 3
83 4
83 8
83 10
83 13
83 62
84 1
84 61
84 77
85 4
85 11
85 14
85 34
85 54
86 1
86 7
86 40
86 46
86 52
87 1
87 2
87 4
87 76
88 4
88 11
88 52
88 84
88 558
89 2
89 4
89 22
89 57
89 472
90 1
90 4
90 19
90 35
90 38
91 10
91 35
91 56
91 62
91 65
92 4
92 15
92 25
92 27
92 51
93 7
93 12
93 28
93 44
93 54
94 4
94 6
94 38
94 50
94 51
94 975
95 1
95 6
95 19
95 70
95 71
95 316
95 397
95 460
96 4
96 28
96 36
96 62
96 63
96 301
96 742
97 6
97 29
97 33
97 54
97 83
97 741
98 1
98 3
98 25
98 43
98 51
99 1
99 2
99 4
99 91
100 1
100 2
100 9
100 15
100 40
101 4
101 27
101 28
101 45
102 1
102 79
102 92
102 96
102 97
103 2
103 3
103 44
103 82
103 97
104 10
104 44
104 87
104 103
105 3
105 13
105 24
105 64
105 78
105 551
106 4
106 29
106 39
106 79
106 80
107 1
107 7
107 59
107 91
107 94
107 318
108 5
108 6
108 17
108 50
108 55
108 268
109 3
109 4
109 14
109 29
109 93
110 1
110 3
110 4
110 28
110 50
111 1
111 4
111 37
111 64
111 76
112 1
112 4
112 26
112 78
112 345
112 701
112 725
112 765
113 2
113 51
113 55
113 72
113 124
114 7
114 26
114 63
114 79
114 105
115 15
115 28
115 45
115 88
115 93
116 15
116 23
116 24
116 26
116 94
117 4
117 14
117 48
117 54
117 64
117 279
118 21
118 25
118 29
118 35
118 71
119 1
119 10
119 22
119 49
119 72
120 1
120 4
120 6
120 34
120 49
121 4
121 64
121 92
121 109
121 115
121 591
122 4
122 10
122 24
122 120
122 157
123 1
123 2
123 6
123 14
123 69
124 2
124 4
124 10
124 40
124 91
125 11
125 28
125 40
125 50
125 123
125 461
126 4
126 14
126 25
126 37
126 95
126 148
127 1
127 5
127 29
127 40
127 52
127 487
128 2
128 6
128 32
128 35
128 87
129 1
129 3
129 5
129 37
129 39
129 403
129 503
130 4
130 8
130 28
130 36
130 37
130 490
130 557
131 1
131 40
131 65
131 72
131 89
132 15
132 28
132 29
132 76
132 118
132 962
133 1
133 10
133 52
133 112
133 114
134 1
134 13
134 16
134 113
135 1
135 29
135 46
135 62
135 106
136 41
136 47
136 89
136 95
136 100
137 5
137 45
137 64
137 73
137 83
138 1
138 2
138 68
138 86
138 93
138 395
139 4
139 15
139 20
139 52
139 88
140 8
140 22
140 69
140 121
140 138
140 308
141 40
141 46
141 66
141 70
141 97
142 2
142 37
142 50
142 76
142 112
143 4
143 31
143 32
143 47
143 126
143 932
144 2
144 4
144 8
144 54
144 97
145 42
145 46
145 66
145 72
145 132
146 1
146 4
146 44
146 85
147 4
147 18
147 54
147 78
147 87
147 848
148 13
148 28
148 38
148 90
148 110
149 1
149 4
149 5
149 7
149 87
149 250
150 12
150 16
150 24
150 59
150 149
150 451
150 555
151 2
151 35
151 81
151 84
151 95
152 1
152 4
152 20
152 35
152 79
152 378
153 1
153 11
153 49
153 98
153 112
154 1
154 4
154 13
154 68
155 23
155 82
155 89
155 97
155 100
156 4
156 11
156 40
156 96
156 139
157 4
157 29
157 49
157 97
157 140
157 253
158 9
158 21
158 26
158 48
158 58
158 652
159 1
159 31
159 63
159 94
159 903
160 4
160 5
160 11
160 94
160 133
161 16
161 28
161 40
161 52
161 139
162 33
162 81
162 84
162 89
162 94
162 829
163 19
163 55
163 58
163 94
163 146
163 981
164 4
164 97
164 116
164 125
164 126
165 1
165 35
165 42
165 162
166 1
166 3
166 4
166 96
166 127
166 228
167 1
167 33
167 114
167 349
167 580
168 10
168 21
168 54
168 127
168 142
169 2
169 6
169 26
169 52
169 116
170 13
170 38
170 71
170 87
171 17
171 26
171 95
171 156
171 167
172 2
172 42
172 102
172 128
172 135
172 252
172 566
173 1
173 4
173 36
173 120
173 567
174 7
174 13
174 51
174 88
174 122
174 906
174 1003
175 2
175 9
175 10
175 30
175 139
176 1
176 52
176 70
176 123
176 173
177 45
177 50
177 150
177 153
177 171
177 881
178 9
178 58
178 69
178 75
178 128
178 638
179 4
179 72
179 90
179 100
179 124
180 1
180 2
180 13
180 63
180 107
180 600
181 2
181 44
181 84
181 108
181 171
182 16
182 19
182 24
182 34
182 159
182 758
183 1
183 8
183 10
183 26
183 117
183 467
183 730
183 951
184 1
184 16
184 35
184 116
184 141
185 13
185 49
185 97
185 119
185 159
185 320
186 63
186 108
186 146
186 153
187 1
187 13
187 39
187 71
187 83
187 261
188 2
188 97
188 148
188 176
188 179
188 958
189 84
189 97
189 102
189 116
189 157
190 4
190 19
190 29
190 50
190 179
191 1
191 19
191 24
191 26
191 52
191 857
192 14
192 20
192 32
192 87
192 124
192 981
193 1
193 23
193 31
193 40
193 98
194 1
194 4
194 10
194 26
194 123
194 144
194 803
195 2
195 36
195 42
195 89
195 107
196 5
196 16
196 57
196 80
196 183
197 4
197 6
197 57
197 106
197 196
197 472
198 1
198 4
198 29
198 51
198 86
199 1
199 4
199 37
199 41
199 63
199 938
199 971
200 24
200 40
200 48
200 131
200 194
201 4
201 19
201 45
201 123
202 4
202 9
202 57
202 123
202 170
202 896
203 1
203 4
203 5
203 86
203 158
204 1
204 7
204 52
204 139
204 182
204 467
204 851
205 23
205 65
205 96
205 106
205 128
206 4
206 29
206 35
206 46
206 119
207 1
207 52
207 60
207 98
207 158
208 10
208 44
208 97
208 143
208 158
209 5
209 24
209 34
209 134
209 193
210 1
210 2
210 22
210 94
210 152
211 22
211 96
211 149
211 156
211 178
212 4
212 5
212 19
212 171
212 184
213 29
213 34
213 45
213 211
213 345
213 861
214 1
214 51
214 152
214 153
214 213
215 19
215 32
215 113
215 121
215 122
216 45
216 86
216 107
216 154
216 165
216 815
217 5
217 73
217 98
217 160
217 195
217 921
218 1
218 19
218 28
218 32
218 119
219 1
219 2
219 4
219 19
219 153
220 16
220 30
220 55
220 58
220 119
220 468
221 4
221 49
221 69
221 88
221 182
222 10
222 45
222 47
222 78
222 213
222 243
223 10
223 31
223 39
223 50
223 121
223 487
224 12
224 31
224 124
224 148
224 158
224 736
225 10
225 45
225 116
225 168
225 176
226 1
226 2
226 10
226 166
226 180
227 10
227 29
227 41
227 106
227 120
228 1
228 2
228 14
228 22
228 181
228 756
229 4
229 13
229 33
229 98
229 200
230 1
230 4
230 42
230 98
230 199
230 986
231 50
231 54
231 133
231 141
231 200
232 4
232 12
232 27
232 88
232 106
233 4
233 25
233 76
233 80
233 123
234 1
234 10
234 14
234 59
234 151
235 14
235 18
235 39
235 58
235 186
236 5
236 25
236 26
236 33
236 69
236 654
236 878
237 4
237 11
237 76
237 112
237 127
237 1005
238 34
238 44
238 50
238 159
238 173
238 684
239 5
239 9
239 139
239 174
239 217
240 1
240 9
240 58
240 84
240 721
241 2
241 52
241 81
241 108
241 204
241 546
242 18
242 27
242 62
242 128
242 177
243 2
243 30
243 84
243 180
243 224
244 1
244 29
244 33
244 48
244 174
245 28
245 40
245 46
245 52
245 109
246 4
246 14
246 108
246 109
246 137
246 610
246 842
247 5
247 81
247 82
247 139
247 193
248 26
248 27
248 92
248 123
248 168
249 2
249 17
249 28
249 47
249 119
249 368
250 78
250 152
250 181
250 186
250 192
251 74
251 88
251 96
251 166
251 192
252 1
252 4
252 7
252 111
252 212
252 508
253 2
253 4
253 5
253 47
253 126
253 449
253 653
254 14
254 45
254 62
254 139
254 158
255 1
255 18
255 180
255 181
255 201
256 2
256 4
256 5
256 26
256 120
257 13
257 92
257 116
257 159
257 173
257 946
258 5
258 29
258 93
258 126
258 165
259 26
259 29
259 99
259 134
259 204
260 1
260 4
260 31
260 140
260 184
261 49
261 75
261 83
261 212
261 230
261 479
262 10
262 117
262 124
262 187
262 203
263 1
263 44
263 45
263 62
263 103
264 28
264 59
264 63
264 172
264 260
264 969
265 1
265 34
265 125
265 227
266 1
266 17
266 31
266 49
266 99
266 164
267 65
267 81
267 84
267 192
267 209
267 931
268 2
268 39
268 77
268 122
268 246
269 9
269 21
269 42
269 113
269 149
269 769
270 10
270 40
270 44
270 78
270 173
271 14
271 15
271 77
271 221
271 260
272 8
272 54
272 188
272 199
272 221
272 660
273 8
273 49
273 122
273 135
273 165
274 36
274 45
274 46
274 119
274 215
275 27
275 137
275 199
275 231
275 260
276 50
276 66
276 70
276 76
276 130
277 26
277 55
277 113
277 140
277 190
277 884
278 1
278 2
278 46
278 57
278 85
278 572
279 16
279 33
279 62
279 93
279 106
280 1
280 4
280 15
280 25
280 72
281 4
281 14
281 17
281 28
281 250
282 20
282 81
282 93
282 115
282 125
283 45
283 52
283 157
283 247
283 259
284 32
284 68
284 98
284 119
284 184
284 1024
285 1
285 13
285 188
285 267
285 275
286 4
286 50
286 84
286 158
286 350
286 801
287 12
287 63
287 152
287 157
287 223
288 4
288 29
288 158
288 224
288 264
289 34
289 73
289 155
289 173
289 225
290 1
290 2
290 13
290 78
290 259
290 777
291 52
291 54
291 84
291 92
291 195
292 16
292 39
292 46
292 156
292 200
292 386
293 4
293 139
293 157
293 174
293 240
294 47
294 52
294 81
294 250
294 267
295 36
295 66
295 112
295 176
295 220
296 1
296 8
296 44
296 45
296 282
297 5
297 51
297 154
297 261
297 522
298 1
298 64
298 82
298 179
298 258
298 445
299 1
299 106
299 117
299 155
299 283
299 981
300 34
300 37
300 76
300 107
300 120
301 1
301 29
301 143
301 150
301 260
302 28
302 46
302 97
302 166
302 250
302 662
302 694
303 20
303 21
303 59
303 88
303 187
304 2
304 4
304 18
304 45
304 100
304 405
304 452
304 949
305 10
305 13
305 28
305 166
306 1
306 4
306 53
306 134
306 201
306 464
306 809
307 10
307 20
307 119
307 144
307 265
308 50
308 52
308 174
308 225
308 305
309 35
309 97
309 179
309 205
309 305
310 3
310 6
310 60
310 145
310 281
311 4
311 22
311 40
311 73
311 129
311 481
312 5
312 120
312 179
312 217
312 757
313 3
313 146
313 184
313 216
313 305
314 7
314 39
314 48
314 62
314 246
314 796
315 15
315 16
315 59
315 65
315 199
316 5
316 116
316 124
316 180
316 208
316 754
317 19
317 46
317 62
317 85
317 127
317 685
318 101
318 174
318 189
318 213
318 294
318 612
319 10
319 36
319 53
319 143
319 150
320 1
320 10
320 46
320 102
320 174
321 20
321 21
321 23
321 135
321 278
321 507
322 6
322 10
322 16
322 62
322 205
322 797
322 842
323 4
323 66
323 157
323 239
323 252
324 4
324 130
324 184
324 311
324 320
325 4
325 190
325 221
325 259
325 270
326 4
326 10
326 44
326 148
326 320
327 47
327 99
327 179
327 228
327 299
327 577
328 2
328 4
328 6
328 16
328 28
328 115
329 4
329 13
329 116
329 135
329 277
330 4
330 42
330 52
330 83
330 306
330 314
330 724
331 63
331 72
331 180
331 181
331 191
332 7
332 33
332 56
332 71
332 227
333 1
333 104
333 158
333 308
334 10
334 26
334 43
334 45
334 158
334 605
334 843
335 1
335 12
335 47
335 174
335 175
336 5
336 13
336 92
336 223
336 226
337 42
337 50
337 52
337 138
337 257
337 531
338 1
338 137
338 156
338 232
338 304
339 31
339 70
339 77
339 138
339 302
340 18
340 22
340 142
340 167
340 185
340 822
341 66
341 68
341 98
341 227
341 250
342 25
342 28
342 71
342 84
342 117
343 7
343 18
343 68
343 125
343 140
343 766
343 820
343 937
344 4
344 23
344 78
344 150
344 306
345 2
345 72
345 305
345 327
346 1
346 7
346 71
346 239
346 323
347 71
347 91
347 113
347 164
347 277
348 3
348 13
348 95
348 100
348 264
349 4
349 13
349 51
349 178
349 202
350 7
350 14
350 16
350 30
350 264
351 1
351 26
351 116
351 170
351 306
352 4
352 39
352 134
352 169
352 195
353 18
353 129
353 160
353 188
353 306
354 88
354 122
354 156
354 188
355 4
355 84
355 93
355 183
355 267
356 14
356 40
356 78
356 83
356 85
357 55
357 73
357 125
357 130
357 204
357 953
358 15
358 149
358 155
358 171
358 276
358 740
358 856
359 4
359 12
359 25
359 47
359 269
360 44
360 173
360 220
360 250
360 340
361 21
361 88
361 129
361 139
361 187
362 4
362 21
362 82
362 212
362 328
363 92
363 149
363 196
363 271
363 359
364 12
364 14
364 28
364 72
364 275
365 3
365 34
365 41
365 97
365 248
366 20
366 68
366 109
366 114
366 139
367 4
367 71
367 97
367 118
367 328
367 726
368 21
368 50
368 55
368 92
368 99
369 23
369 59
369 68
369 105
369 274
369 440
369 646
369 1013
370 2
370 10
370 21
370 53
370 97
370 356
371 4
371 40
371 57
371 79
371 290
372 4
372 52
372 97
372 123
372 267
373 2
373 20
373 97
373 215
373 278
374 2
374 11
374 212
374 314
374 360
375 8
375 88
375 165
375 328
375 346
376 17
376 39
376 95
376 128
376 347
376 999
377 2
377 15
377 66
377 129
377 206
378 4
378 149
378 173
378 208
378 367
378 846
379 10
379 13
379 20
379 25
379 269
379 452
380 1
380 5
380 14
380 63
380 244
381 1
381 4
381 107
381 167
381 231
382 11
382 64
382 220
382 330
382 340
383 1
383 4
383 18
383 45
383 138
383 688
384 10
384 35
384 42
384 313
384 370
384 569
385 6
385 8
385 120
385 266
385 328
385 357
386 132
386 195
386 267
386 303
386 367
387 35
387 52
387 182
387 292
387 305
388 1
388 11
388 36
388 73
388 138
388 755
389 6
389 82
389 151
389 158
389 354
390 9
390 12
390 67
390 75
390 178
391 20
391 37
391 79
391 160
391 329
392 10
392 44
392 46
392 232
392 330
393 5
393 10
393 23
393 134
393 217
394 4
394 22
394 63
394 165
394 363
394 379
395 49
395 73
395 86
395 304
395 313
395 579
396 13
396 47
396 182
396 373
396 387
397 4
397 26
397 28
397 110
397 113
397 544
397 842
397 940
398 1
398 28
398 35
398 145
398 348
399 6
399 29
399 34
399 62
399 355
400 27
400 97
400 201
400 293
400 319
401 32
401 60
401 63
401 75
401 93
402 11
402 60
402 127
402 275
402 398
402 766
403 9
403 52
403 144
403 205
403 237
404 2
404 49
404 87
404 191
405 2
405 35
405 166
405 329
405 332
406 4
406 17
406 33
406 81
406 392
406 721
407 1
407 86
407 160
407 230
407 290
408 1
408 7
408 16
408 36
408 250
408 589
409 50
409 51
409 97
409 177
409 219
410 1
410 5
410 37
410 165
410 408
411 2
411 4
411 11
411 146
411 308
412 18
412 35
412 54
412 239
412 340
412 521
413 4
413 5
413 89
413 150
413 201
414 13
414 199
414 225
414 308
414 395
414 717
415 25
415 39
415 92
415 279
415 396
415 598
416 12
416 106
416 127
416 187
416 194
417 158
417 217
417 320
417 338
417 388
418 4
418 40
418 48
418 91
418 405
419 15
419 63
419 127
419 183
419 239
420 20
420 23
420 72
420 113
420 288
421 17
421 25
421 35
421 40
421 76
421 690
422 2
422 87
422 126
422 161
422 226
422 709
423 20
423 29
423 124
423 186
423 213
424 1
424 8
424 11
424 57
424 320
424 869
425 17
425 40
425 58
425 212
425 223
426 146
426 230
426 257
426 289
426 312
426 518
427 4
427 5
427 104
427 157
427 179
428 2
428 29
428 94
428 173
428 418
428 751
429 160
429 178
429 179
429 330
429 376
430 20
430 23
430 44
430 53
430 196
430 818
430 860
431 52
431 148
431 157
431 159
431 327
432 4
432 7
432 78
432 201
432 202
433 4
433 128
433 171
433 337
433 384
433 400
433 808
434 33
434 85
434 96
434 416
434 419
435 103
435 148
435 267
435 293
436 4
436 13
436 96
436 139
436 310
436 602
437 19
437 29
437 70
437 224
437 431
437 670
437 920
438 34
438 50
438 51
438 93
438 165
439 27
439 77
439 112
439 135
439 306
440 5
440 125
440 380
440 409
440 762
441 8
441 76
441 101
441 221
441 289
441 842
442 2
442 62
442 85
442 128
442 137
443 1
443 6
443 64
443 98
443 326
443 774
444 2
444 133
444 190
444 248
444 397
445 1
445 7
445 18
445 78
445 340
446 34
446 52
446 154
446 327
446 344
446 944
447 62
447 64
447 70
447 200
447 355
447 815
448 63
448 106
448 134
448 139
448 384
449 60
449 98
449 115
449 230
449 408
450 21
450 63
450 174
450 220
450 255
451 16
451 62
451 77
451 102
451 174
451 357
451 609
451 690
452 10
452 84
452 229
452 299
452 308
453 75
453 78
453 153
453 174
453 301
454 28
454 96
454 112
454 126
454 223
454 419
455 45
455 76
455 102
455 191
455 195
456 126
456 139
456 179
456 318
456 408
457 10
457 40
457 135
457 149
457 279
458 7
458 30
458 221
458 247
458 404
459 5
459 12
459 77
459 145
459 242
460 26
460 42
460 143
460 158
460 312
460 867
461 1
461 18
461 28
461 116
461 172
461 852
462 12
462 30
462 51
462 130
462 322
463 10
463 181
463 231
463 340
463 342
463 475
464 2
464 28
464 73
464 76
464 91
465 1
465 92
465 139
465 275
465 449
465 513
466 66
466 82
466 181
466 187
466 276
467 34
467 60
467 64
467 197
467 309
467 575
467 619
468 1
468 95
468 124
468 139
468 373
468 720
469 13
469 18
469 82
469 139
469 242
469 402
469 739
470 1
470 13
470 187
470 269
470 277
471 53
471 177
471 235
471 278
471 304
472 1
472 92
472 183
472 195
472 203
473 1
473 94
473 113
473 449
473 980
474 120
474 205
474 291
474 345
474 446
474 803
475 41
475 46
475 97
475 159
475 280
476 4
476 36
476 143
476 183
476 287
477 1
477 100
477 243
477 363
477 439
478 4
478 145
478 295
478 372
478 373
479 98
479 107
479 113
479 129
479 195
480 14
480 45
480 219
480 289
480 385
481 8
481 9
481 222
481 263
481 396
482 1
482 30
482 72
482 290
482 400
483 20
483 153
483 235
483 358
483 433
484 1
484 141
484 230
484 287
484 394
485 14
485 154
485 336
485 384
485 482
486 4
486 5
486 16
486 38
486 269
486 556
486 758
487 17
487 28
487 36
487 324
487 403
488 1
488 4
488 292
488 329
488 366
489 44
489 109
489 201
489 361
489 410
490 29
490 97
490 228
490 290
490 408
490 548
491 2
491 129
491 131
491 165
491 380
492 1
492 193
492 340
492 462
492 491
493 1
493 15
493 31
493 259
493 345
493 579
494 49
494 137
494 212
494 232
494 415
494 709
495 10
495 26
495 28
495 98
495 278
496 13
496 16
496 62
496 92
497 18
497 202
497 316
497 321
497 329
497 430
497 845
498 54
498 89
498 107
498 128
498 201
499 13
499 55
499 63
499 368
499 404
500 2
500 5
500 7
500 92
500 227
500 548
500 929
501 25
501 29
501 164
501 174
501 202
502 11
502 17
502 237
502 338
502 451
503 1
503 102
503 109
503 317
503 456
504 2
504 42
504 64
504 143
504 165
504 754
505 52
505 202
505 240
505 248
505 267
506 4
506 26
506 125
506 128
506 475
507 4
507 7
507 29
507 211
507 404
508 24
508 57
508 98
508 341
508 490
508 815
509 1
509 112
509 241
509 259
509 497
509 972
510 5
510 78
510 97
510 317
510 415
511 3
511 39
511 123
511 311
511 430
511 548
512 8
512 49
512 81
512 86
512 183
512 584
513 4
513 39
513 87
513 221
513 449
514 18
514 114
514 145
514 151
514 400
514 613
515 13
515 15
515 164
515 380
515 391
516 2
516 4
516 111
516 143
516 447
517 5
517 14
517 88
517 98
517 126
517 763
518 11
518 15
518 24
518 457
518 502
519 26
519 158
519 178
519 259
519 290
520 12
520 25
520 80
520 94
520 317
520 743
521 9
521 28
521 153
521 285
521 409
522 28
522 64
522 188
522 246
522 283
523 15
523 312
523 365
523 394
523 463
524 40
524 155
524 208
524 492
524 518
525 7
525 74
525 92
525 134
525 425
525 744
526 4
526 20
526 171
526 209
526 240
527 2
527 32
527 51
527 78
527 136
527 263
528 2
528 32
528 193
528 240
528 291
528 498
528 795
529 15
529 94
529 97
529 268
529 403
530 123
530 275
530 299
530 388
530 466
530 815
531 4
531 63
531 106
531 107
531 253
531 726
532 48
532 66
532 222
532 230
532 523
533 1
533 4
533 92
533 237
533 405
534 1
534 15
534 72
534 88
534 314
535 23
535 32
535 99
535 332
535 505
536 13
536 27
536 87
536 153
536 245
537 12
537 93
537 124
537 180
537 403
538 4
538 25
538 74
538 120
538 431
539 7
539 31
539 58
539 190
539 308
540 27
540 42
540 165
540 308
540 500
540 964
541 101
541 239
541 265
541 329
541 523
542 32
542 372
542 460
542 463
542 528
543 25
543 45
543 194
543 209
543 336
543 664
544 4
544 90
544 152
544 218
545 20
545 249
545 330
545 362
545 365
546 1
546 112
546 259
546 515
546 542
547 20
547 60
547 204
547 208
547 332
548 59
548 171
548 242
548 248
548 290
548 524
549 1
549 27
549 29
549 45
549 159
550 109
550 130
550 157
550 288
550 328
550 495
551 10
551 17
551 34
551 136
551 337
551 466
552 4
552 126
552 196
552 205
552 228
553 1
553 59
553 63
553 124
553 216
554 81
554 98
554 275
554 293
554 438
555 95
555 126
555 205
555 367
555 502
556 4
556 20
556 97
556 327
556 705
556 744
557 26
557 66
557 139
557 171
557 504
558 2
558 3
558 19
558 32
558 463
559 18
559 140
559 196
559 323
559 400
559 463
560 2
560 13
560 19
560 144
560 360
561 24
561 65
561 133
561 283
561 528
562 1
562 2
562 87
562 114
562 149
562 949
563 87
563 110
563 179
563 308
563 559
564 4
564 10
564 83
564 231
564 536
565 97
565 161
565 225
565 235
565 368
565 379
565 465
566 49
566 192
566 269
566 486
566 528
566 662
567 11
567 65
567 127
567 427
567 428
567 932
568 167
568 324
568 344
568 420
568 450
568 643
569 4
569 45
569 542
569 557
569 708
569 825
569 987
570 2
570 28
570 66
570 200
570 414
570 1011
571 1
571 128
571 271
571 341
571 421
572 28
572 35
572 40
572 175
572 204
572 889
572 893
573 1
573 6
573 85
573 152
573 264
573 889
574 4
574 40
574 129
574 220
574 490
575 1
575 28
575 173
575 202
575 340
576 78
576 112
576 129
576 133
576 201
576 708
577 10
577 36
577 110
577 152
577 163
577 496
578 2
578 26
578 271
578 470
578 528
579 4
579 66
579 207
579 491
579 495
580 1
580 10
580 113
580 256
580 323
581 1
581 84
581 169
581 377
581 568
582 58
582 75
582 98
582 229
582 355
582 386
582 759
583 46
583 62
583 159
583 378
583 547
583 580
584 47
584 104
584 166
584 438
584 581
584 971
585 8
585 61
585 65
585 98
585 134
586 26
586 102
586 183
586 184
586 352
587 22
587 33
587 64
587 126
587 299
588 4
588 324
588 423
588 530
588 553
589 34
589 186
589 228
589 469
589 484
590 1
590 4
590 179
590 463
590 554
590 753
591 32
591 173
591 249
591 304
592 1
592 196
592 375
592 529
592 530
592 718
592 905
593 32
593 134
593 222
593 559
593 591
594 31
594 127
594 229
594 506
594 538
594 694
595 4
595 34
595 125
595 147
595 548
595 573
595 724
596 13
596 80
596 205
596 474
596 504
596 917
597 4
597 66
597 194
597 243
597 545
597 614
597 1001
598 2
598 4
598 10
598 11
598 320
599 13
599 33
599 183
599 215
599 253
599 942
600 4
600 16
600 253
600 263
600 284
601 4
601 113
601 125
601 470
601 476
602 18
602 38
602 174
602 565
602 589
603 1
603 4
603 17
603 130
603 546
603 915
604 13
604 32
604 120
604 146
604 273
605 1
605 52
605 196
605 475
605 590
606 26
606 29
606 330
606 396
606 431
607 20
607 54
607 187
607 261
607 317
608 14
608 82
608 97
608 463
608 582
609 5
609 7
609 38
609 186
609 534
609 825
610 6
610 291
610 336
610 485
610 578
610 987
611 9
611 11
611 17
611 19
611 511
612 92
612 94
612 174
612 181
612 245
612 964
613 7
613 72
613 87
613 199
613 212
613 892
614 1
614 28
614 156
614 510
614 564
614 894
615 4
615 131
615 290
615 367
615 481
616 1
616 5
616 35
616 107
616 306
617 22
617 32
617 77
617 83
617 222
617 254
618 4
618 73
618 98
618 113
618 126
619 94
619 174
619 235
619 359
619 530
620 28
620 50
620 76
620 105
620 132
621 4
621 79
621 375
622 49
622 72
622 265
622 329
622 355
623 10
623 116
623 187
623 463
624 97
624 276
624 459
624 482
624 529
624 832
625 25
625 217
625 258
625 285
625 550
626 1
626 5
626 157
626 422
626 442
627 78
627 96
627 263
627 340
627 352
627 1017
628 10
628 19
628 52
628 170
628 301
629 165
629 441
629 600
629 616
630 9
630 12
630 18
630 81
630 595
631 19
631 423
631 485
631 529
631 584
631 617
632 7
632 30
632 34
632 159
632 242
633 4
633 70
633 84
633 156
633 466
634 2
634 49
634 151
634 198
634 215
635 119
635 147
635 195
635 227
635 269
636 40
636 64
636 129
636 375
636 443
636 546
636 948
637 1
637 18
637 376
637 485
637 551
637 654
638 31
638 171
638 367
638 529
638 608
639 138
639 153
639 272
639 490
639 505
639 949
640 106
640 304
640 443
640 509
640 538
641 13
641 29
641 30
641 247
641 294
641 792
641 831
642 18
642 25
642 194
642 281
642 422
642 855
643 15
643 64
643 149
643 209
643 388
644 2
644 10
644 40
644 278
644 308
645 5
645 16
645 39
645 365
645 481
645 743
646 34
646 68
646 106
646 466
646 481
646 732
646 790
647 4
647 23
647 72
647 147
647 319
647 691
648 199
648 270
648 275
648 279
648 476
649 80
649 200
649 432
649 477
649 532
649 536
650 24
650 32
650 257
650 543
650 587
651 12
651 94
651 196
651 237
651 334
651 894
652 26
652 122
652 193
652 216
652 549
653 13
653 38
653 47
653 235
653 294
653 632
654 1
654 4
654 16
654 420
654 539
654 994
655 2
655 30
655 78
655 168
655 425
656 88
656 232
656 264
656 319
656 416
657 1
657 40
657 117
657 134
657 314
658 27
658 87
658 192
658 221
658 372
658 458
659 25
659 31
659 88
659 358
659 448
659 845
660 23
660 209
660 471
660 490
660 491
661 3
661 4
661 21
661 278
661 437
662 12
662 34
662 114
662 325
662 359
663 5
663 93
663 114
663 122
663 378
664 4
664 37
664 129
664 251
665 4
665 133
665 447
665 464
665 550
666 82
666 92
666 123
666 139
666 190
667 36
667 49
667 143
667 342
667 540
668 66
668 121
668 168
668 195
668 412
668 970
669 1
669 283
669 338
669 431
669 594
670 20
670 21
670 28
670 62
670 641
671 1
671 12
671 233
671 458
671 477
671 842
672 29
672 35
672 46
672 245
672 464
672 547
673 4
673 126
673 246
673 459
673 550
674 2
674 4
674 8
674 18
674 273
674 687
674 820
675 1
675 23
675 26
675 47
675 529
676 98
676 140
676 206
676 446
676 559
677 13
677 89
677 339
677 576
677 666
678 1
678 33
678 394
678 431
678 609
678 772
679 25
679 95
679 285
679 463
679 477
680 6
680 13
680 139
680 427
680 525
681 124
681 144
681 222
681 418
681 428
681 521
682 94
682 109
682 183
682 193
682 607
683 5
683 47
683 111
683 113
683 153
683 352
684 4
684 119
684 157
684 187
684 446
685 1
685 19
685 112
685 220
685 409
686 51
686 59
686 81
686 186
686 214
687 15
687 51
687 113
687 201
687 485
688 11
688 26
688 53
688 63
688 256
688 566
689 1
689 92
689 115
689 276
689 618
689 950
689 1014
690 4
690 91
690 267
690 322
691 44
691 90
691 152
691 423
691 629
692 28
692 139
692 144
692 165
692 386
693 13
693 33
693 44
693 59
693 586
694 139
694 147
694 586
694 604
694 621
695 97
695 220
695 295
695 390
695 586
696 152
696 386
696 486
696 653
696 674
697 56
697 105
697 213
697 263
697 406
697 497
697 633
698 215
698 268
698 453
698 462
698 516
698 721
699 2
699 28
699 42
699 288
699 613
699 640
700 5
700 73
700 126
700 376
700 433
700 613
701 106
701 188
701 257
701 283
701 491
701 656
702 4
702 7
702 29
702 59
702 370
703 35
703 116
703 133
703 396
703 607
703 894
704 5
704 238
704 389
704 591
704 636
704 838
705 5
705 66
705 327
705 573
705 688
705 703
706 20
706 336
706 343
706 416
706 466
707 12
707 216
707 271
707 554
707 665
708 41
708 62
708 83
708 331
708 462
708 718
709 1
709 10
709 97
709 561
709 690
709 889
710 5
710 194
710 366
710 550
710 561
711 62
711 68
711 99
711 372
711 519
712 19
712 171
712 399
712 611
712 658
712 974
713 8
713 13
713 20
713 116
713 183
714 23
714 112
714 213
714 217
714 712
714 868
715 145
715 153
715 212
715 223
715 561
715 1003
715 1006
716 58
716 158
716 419
716 438
716 563
717 16
717 143
717 271
717 467
717 511
717 887
718 4
718 7
718 12
718 20
718 528
719 77
719 327
719 422
719 473
719 492
719 898
720 5
720 7
720 68
720 257
720 573
720 892
721 102
721 177
721 251
721 432
721 681
722 62
722 237
722 510
722 538
722 649
723 5
723 196
723 198
723 435
723 458
723 472
723 980
724 57
724 68
724 425
724 428
724 628
725 173
725 193
725 263
725 265
725 523
726 62
726 295
726 348
726 514
726 590
727 52
727 101
727 346
727 505
727 634
728 32
728 138
728 223
728 236
728 714
729 233
729 266
729 269
729 503
729 649
729 685
730 111
730 213
730 217
730 377
730 597
731 1
731 6
731 123
731 165
731 193
732 22
732 92
732 97
732 313
732 650
733 13
733 152
733 272
733 292
733 458
734 56
734 137
734 156
734 339
734 584
735 6
735 14
735 174
735 294
735 449
736 78
736 155
736 160
736 343
736 571
737 10
737 227
737 274
737 432
737 645
737 670
738 20
738 143
738 229
738 476
738 519
738 652
739 2
739 7
739 265
739 635
739 929
740 2
740 33
740 34
740 174
740 565
741 21
741 57
741 155
741 267
741 489
742 96
742 112
742 202
742 466
742 625
742 675
742 892
743 8
743 15
743 53
743 613
743 622
743 797
744 1
744 16
744 147
744 181
744 304
745 50
745 131
745 305
745 392
745 508
746 37
746 91
746 306
746 591
746 696
746 829
747 85
747 103
747 203
747 343
747 382
748 6
748 195
748 360
748 419
748 451
749 20
749 58
749 112
749 240
749 565
749 754
750 32
750 170
750 274
750 429
750 510
751 173
751 264
751 516
751 561
751 567
752 1
752 56
752 366
752 457
752 561
753 21
753 104
753 108
753 129
753 659
754 84
754 98
754 127
754 158
754 173
755 5
755 99
755 295
755 457
755 467
756 51
756 71
756 77
756 126
756 339
757 6
757 51
757 150
757 440
757 590
758 19
758 20
758 180
758 217
758 257
758 675
759 253
759 342
759 362
759 438
759 719
760 4
760 32
760 261
760 315
760 367
761 21
761 23
761 37
761 98
761 327
762 33
762 167
762 174
762 300
762 476
763 4
763 23
763 52
763 203
763 522
763 651
764 1
764 51
764 234
764 298
764 314
765 1
765 25
765 56
765 81
765 273
766 42
766 110
766 124
766 267
766 416
767 10
767 40
767 75
767 172
767 253
767 579
768 20
768 142
768 184
768 555
768 560
768 855
768 1005
769 126
769 153
769 416
769 543
769 686
769 893
770 42
770 201
770 212
770 275
770 694
770 994
771 4
771 225
771 390
771 426
771 559
772 4
772 51
772 86
772 270
773 1
773 7
773 126
773 206
773 336
774 1
774 53
774 308
774 396
774 658
774 736
775 58
775 106
775 133
775 216
775 422
775 753
775 984
776 4
776 165
776 304
776 412
776 431
776 942
777 4
777 15
777 20
777 56
777 66
778 12
778 53
778 212
778 298
778 569
779 132
779 137
779 250
779 317
779 522
779 726
780 3
780 72
780 83
780 172
780 490
781 10
781 37
781 65
781 206
781 226
782 45
782 55
782 116
782 203
782 649
782 991
783 10
783 57
783 97
783 211
783 599
784 73
784 79
784 97
784 500
784 510
785 1
785 58
785 206
785 493
785 582
786 2
786 8
786 10
786 119
786 313
787 160
787 363
787 503
787 666
787 729
788 35
788 50
788 159
788 476
788 716
789 4
789 55
789 148
789 208
789 602
790 25
790 26
790 32
790 72
790 131
791 319
791 333
791 459
791 579
791 694
792 6
792 193
792 322
792 346
792 597
793 59
793 130
793 160
793 342
793 396
793 482
794 4
794 50
794 98
794 228
794 366
795 7
795 137
795 277
795 278
795 539
795 710
796 14
796 76
796 105
796 155
796 478
797 30
797 82
797 120
797 182
797 559
798 2
798 20
798 253
798 541
798 599
798 736
799 5
799 83
799 97
799 225
799 232
800 36
800 39
800 223
800 308
800 529
801 4
801 11
801 94
801 135
801 532
802 1
802 285
802 322
802 388
803 1
803 369
803 417
803 466
803 548
803 723
803 866
804 82
804 132
804 343
804 557
804 785
805 4
805 12
805 429
805 480
805 757
806 40
806 66
806 273
806 363
806 697
806 710
807 296
807 308
807 468
807 490
807 579
807 630
808 18
808 45
808 148
808 615
808 693
809 4
809 358
809 439
809 458
810 37
810 134
810 354
810 459
810 554
811 17
811 24
811 108
811 324
811 449
812 30
812 167
812 339
812 527
812 722
813 60
813 83
813 397
813 436
813 481
814 1
814 29
814 324
814 488
814 634
815 11
815 63
815 139
815 211
815 275
815 717
816 50
816 74
816 463
816 509
816 510
816 590
817 160
817 179
817 265
817 738
817 793
817 825
817 905
818 29
818 217
818 355
818 366
818 625
819 32
819 40
819 88
819 109
819 428
820 76
820 117
820 124
820 196
820 308
821 12
821 39
821 238
821 277
821 836
822 33
822 55
822 98
822 313
822 561
823 13
823 106
823 137
823 160
823 308
824 1
824 143
824 369
824 568
824 652
824 765
825 22
825 102
825 209
825 249
825 631
826 36
826 84
826 86
826 132
826 214
827 32
827 159
827 165
827 166
827 316
827 500
828 1
828 19
828 407
828 641
828 722
829 4
829 99
829 125
829 183
829 204
830 109
830 178
830 297
830 330
830 552
830 851
831 101
831 181
831 216
831 598
831 706
831 789
832 7
832 106
832 217
832 287
832 425
833 37
833 195
833 235
833 253
833 325
833 736
833 983
834 4
834 36
834 286
834 538
834 682
835 13
835 198
835 371
835 388
835 461
835 480
836 33
836 66
836 160
836 381
836 522
836 984
837 35
837 52
837 236
837 340
837 460
837 613
838 12
838 148
838 153
838 320
838 428
839 1
839 7
839 13
839 208
839 378
840 4
840 34
840 188
840 449
840 621
841 58
841 122
841 278
841 335
841 577
841 1007
842 48
842 111
842 294
842 630
842 801
843 4
843 486
843 648
843 748
843 826
844 28
844 94
844 590
844 656
844 767
844 868
845 40
845 52
845 66
845 90
845 348
846 5
846 9
846 29
846 198
846 693
847 20
847 179
847 269
847 745
848 51
848 52
848 119
848 190
848 774
848 791
849 26
849 78
849 212
849 217
849 482
849 501
849 893
850 1
850 33
850 450
850 571
850 685
850 832
851 173
851 272
851 489
851 528
851 776
851 1005
852 31
852 207
852 299
852 325
852 487
853 21
853 193
853 434
853 547
853 593
853 750
854 153
854 233
854 373
854 697
854 803
854 821
855 372
855 418
855 482
855 623
855 652
855 677
855 688
855 718
855 951
856 1
856 42
856 67
856 89
856 860
857 28
857 40
857 84
857 142
857 251
858 5
858 159
858 270
858 648
858 733
858 974
859 1
859 140
859 316
859 402
859 729
860 52
860 202
860 276
860 743
860 767
860 769
861 3
861 32
861 37
861 128
861 227
861 951
862 4
862 89
862 205
862 634
862 641
863 4
863 199
863 332
863 413
863 850
864 63
864 124
864 131
864 276
864 338
864 455
865 144
865 240
865 307
865 440
865 738
866 6
866 58
866 269
866 480
866 641
866 831
867 6
867 44
867 153
867 262
867 586
867 936
868 10
868 26
868 172
868 250
868 668
869 1
869 3
869 51
869 85
869 126
870 10
870 41
870 173
870 381
870 663
870 674
870 891
871 40
871 50
871 152
871 168
871 641
872 139
872 446
872 494
872 696
872 866
872 871
873 113
873 215
873 324
873 451
873 667
874 416
874 438
874 439
874 461
874 490
875 33
875 82
875 199
875 355
875 397
876 22
876 195
876 269
876 493
876 545
877 1
877 33
877 47
877 449
877 633
877 713
878 4
878 27
878 105
878 262
878 731
879 97
879 174
879 392
879 660
879 704
879 804
880 33
880 49
880 152
880 399
880 429
881 99
881 174
881 179
881 387
881 622
882 13
882 37
882 346
882 436
882 591
883 33
883 37
883 63
883 358
883 734
884 13
884 157
884 191
884 207
884 497
884 671
885 15
885 111
885 204
885 506
885 532
886 18
886 223
886 511
886 587
886 805
886 952
887 62
887 394
887 551
887 559
887 652
887 703
888 13
888 158
888 170
888 359
888 458
888 672
888 677
889 1
889 102
889 107
889 223
889 720
890 4
890 45
890 260
890 484
891 173
891 433
891 551
891 609
891 667
891 733
892 4
892 191
892 331
892 394
892 847
893 4
893 212
893 516
893 625
893 721
893 843
894 120
894 145
894 416
894 448
894 869
895 25
895 29
895 34
895 626
895 715
896 263
896 407
896 529
896 600
896 798
897 4
897 131
897 180
897 210
897 569
898 44
898 192
898 243
898 606
898 895
898 1003
899 11
899 13
899 33
899 164
899 850
899 852
900 204
900 282
900 389
900 510
900 600
901 8
901 63
901 76
901 101
901 165
902 1
902 83
902 347
902 466
902 669
903 28
903 196
903 250
903 348
904 14
904 50
904 297
904 573
904 634
905 16
905 285
905 304
905 395
905 397
906 7
906 12
906 46
906 117
906 476
907 373
907 410
907 594
907 687
907 791
908 98
908 286
908 470
908 593
908 866
909 32
909 102
909 107
909 383
909 403
909 754
910 4
910 37
910 84
910 146
910 642
911 13
911 56
911 141
911 158
911 267
912 9
912 65
912 174
912 734
913 92
913 313
913 715
913 778
913 895
914 21
914 25
914 42
914 147
914 725
915 174
915 181
915 695
915 756
915 803
916 5
916 9
916 233
916 308
916 581
917 1
917 2
917 5
917 366
917 627
917 916
918 612
918 616
918 767
918 768
918 776
919 2
919 107
919 124
919 291
919 623
919 953
920 26
920 63
920 88
920 213
920 548
921 10
921 14
921 523
921 583
921 622
921 789
922 29
922 44
922 135
922 370
922 396
922 833
923 36
923 91
923 97
923 198
923 485
924 13
924 146
924 200
924 215
924 595
925 300
925 374
925 483
925 694
925 738
925 1001
926 4
926 24
926 148
926 466
926 916
927 4
927 6
927 33
927 109
927 729
927 769
927 781
928 81
928 315
928 485
928 646
928 827
928 864
929 76
929 278
929 357
929 493
929 817
930 9
930 35
930 231
930 238
930 600
931 1
931 483
931 509
931 842
931 909
932 297
932 327
932 473
932 476
932 639
933 6
933 15
933 22
933 550
933 636
934 6
934 11
934 279
934 461
934 704
935 59
935 173
935 307
935 454
935 475
936 37
936 394
936 501
936 648
936 789
936 901
937 13
937 324
937 329
937 433
937 538
938 56
938 73
938 84
938 222
938 909
939 14
939 66
939 98
939 139
939 503
939 678
940 12
940 97
940 236
940 534
940 769
940 815
941 2
941 24
941 372
941 398
941 487
941 824
942 1
942 70
942 158
942 305
942 716
942 909
943 45
943 123
943 154
943 409
943 808
943 886
944 10
944 78
944 518
944 566
944 697
944 763
944 781
945 2
945 4
945 138
945 906
945 923
945 960
946 1
946 42
946 149
946 554
946 791
947 1
947 28
947 101
947 226
947 315
947 850
947 888
948 87
948 106
948 385
948 395
948 792
949 12
949 47
949 196
949 528
949 822
950 4
950 113
950 143
950 230
950 515
951 78
951 174
951 313
951 329
951 848
952 3
952 13
952 31
952 50
952 131
953 95
953 113
953 182
953 439
953 441
953 619
954 19
954 32
954 70
954 97
954 304
954 568
954 735
955 5
955 142
955 461
955 862
955 935
956 12
956 43
956 82
956 105
956 638
957 55
957 71
957 460
957 466
957 591
957 655
958 31
958 109
958 158
958 278
958 610
958 745
959 20
959 80
959 237
959 657
959 923
960 25
960 87
960 93
960 317
960 573
960 620
960 876
961 30
961 50
961 97
961 158
961 180
962 1
962 198
962 206
962 449
962 778
963 2
963 52
963 269
963 274
963 802
964 2
964 489
964 693
964 729
964 870
964 917
965 28
965 47
965 393
965 403
965 807
966 7
966 490
966 571
966 623
966 918
967 1
967 168
967 201
967 405
967 624
967 899
968 153
968 293
968 305
968 372
968 912
969 25
969 225
969 712
969 771
969 903
969 919
970 81
970 83
970 86
970 171
970 310
971 22
971 47
971 193
971 367
971 556
972 23
972 96
972 481
972 706
972 858
973 48
973 120
973 190
973 369
973 575
973 688
974 4
974 10
974 58
974 267
974 338
975 100
975 152
975 339
975 551
975 603
975 928
976 319
976 331
976 395
976 677
976 937
977 126
977 167
977 185
977 891
977 927
978 45
978 327
978 372
978 510
978 784
979 2
979 16
979 93
979 212
979 303
980 76
980 87
980 187
980 257
980 310
980 786
981 1
981 33
981 125
981 381
981 903
982 81
982 362
982 376
982 492
982 809
983 122
983 236
983 349
983 408
983 746
984 137
984 153
984 168
984 522
984 620
984 625
984 776
985 2
985 20
985 449
985 808
985 968
986 15
986 60
986 80
986 93
986 375
987 68
987 143
987 163
987 593
987 639
988 4
988 39
988 532
988 816
989 50
989 429
989 472
989 478
989 789
990 5
990 14
990 31
990 253
990 829
990 924
991 181
991 251
991 328
991 396
991 873
991 925
992 10
992 258
992 278
992 463
992 509
993 33
993 117
993 174
993 430
993 918
993 925
994 4
994 100
994 373
994 429
994 486
995 29
995 31
995 153
995 867
995 941
996 138
996 177
996 280
996 308
996 733
996 921
997 3
997 10
997 295
997 402
997 753
997 849
998 2
998 56
998 116
998 759
998 885
998 964
999 46
999 201
999 260
999 711
999 873
1000 26
1000 62
1000 140
1000 196
1000 200
1001 51
1001 135
1001 189
1001 468
1001 764
1002 55
1002 84
1002 258
1002 420
1002 512
1003 21
1003 65
1003 156
1003 278
1003 855
1004 1
1004 120
1004 191
1004 562
1005 29
1005 47
1005 96
1005 220
1005 438
1006 2
1006 13
1006 14
1006 423
1006 754
1006 786
1006 862
1006 984
1007 28
1007 276
1007 296
1007 309
1007 519
1007 619
1008 40
1008 139
1008 155
1008 465
1008 563
1009 4
1009 167
1009 174
1009 398
1009 891
1010 4
1010 9
1010 27
1010 143
1010 900
1011 152
1011 262
1011 695
1011 721
1011 725
1011 748
1011 756
1012 18
1012 37
1012 75
1012 348
1012 354
1013 216
1013 487
1013 512
1013 630
1013 632
1014 126
1014 138
1014 224
1014 347
1014 811
1014 914
1015 34
1015 62
1015 196
1015 317
1015 770
1015 807
1016 25
1016 58
1016 403
1016 489
1016 605
1016 677
1017 86
1017 420
1017 509
1017 596
1017 965
1018 4
1018 5
1018 430
1018 523
1018 662
1019 31
1019 183
1019 413
1019 489
1019 673
1020 30
1020 138
1020 482
1020 623
1020 912
1020 984
1021 7
1021 20
1021 58
1021 909
1021 1017
1022 29
1022 44
1022 121
1022 374
1022 593
1023 30
1023 267
1023 459
1023 460
1023 869
1023 927
1024 13
1024 152
1024 214
1024 595
1024 651
1024 736
