2 1
3 1
3 151
3 770
4 1
4 2
4 54
4 676
5 1
5 2
5 4
5 256
6 1
6 431
6 780
7 1
7 3
7 154
8 3
8 5
8 6
9 1
9 6
9 901
10 1
10 4
10 6
10 1001
11 1
11 8
11 723
12 1
12 6
12 129
12 246
12 515
13 6
13 7
13 197
13 889
14 1
14 6
14 409
15 1
15 9
16 3
16 7
16 9
16 932
17 1
17 6
17 7
17 658
18 1
18 2
18 118
19 3
19 6
19 9
20 1
20 5
20 8
21 1
21 4
21 7
21 130
21 576
21 860
22 3
22 7
22 8
22 138
23 4
23 9
23 16
24 16
24 22
24 60
24 347
24 675
24 740
24 1015
25 1
25 3
25 9
26 1
27 1
27 6
27 21
28 6
28 11
28 18
29 3
29 6
29 10
30 1
30 22
30 24
30 609
31 6
31 26
32 1
32 7
32 30
32 358
33 6
33 16
33 849
34 6
34 11
34 124
35 1
35 12
35 29
36 1
36 2
36 8
37 1
37 10
38 1
38 7
38 23
39 2
39 4
39 16
40 6
40 8
40 31
40 828
41 6
41 8
41 23
41 597
42 23
42 34
42 35
43 12
43 16
43 878
44 1
44 3
44 6
45 1
45 19
45 581
46 4
46 14
46 22
46 999
47 1
47 9
47 20
47 53
47 282
48 16
48 31
48 42
48 280
49 9
49 12
49 27
49 217
50 11
50 34
50 36
50 394
51 1
51 3
52 3
52 9
52 33
53 6
53 16
53 22
53 629
54 7
54 16
54 43
54 803
54 899
55 11
55 13
55 16
56 6
56 7
57 3
57 32
57 47
58 9
58 10
58 16
58 648
59 1
59 5
59 7
59 365
59 475
59 497
59 766
60 6
60 38
61 16
61 22
61 31
61 223
62 1
62 6
62 61
63 1
63 15
63 36
63 560
64 1
64 6
64 42
65 3
65 26
65 51
65 701
66 4
66 6
66 27
66 815
67 4
67 21
67 60
67 1014
68 11
68 30
68 42
69 1
69 4
69 14
70 12
70 19
70 37
70 215
71 1
71 23
71 64
72 6
72 7
72 20
72 694
73 5
73 6
73 49
74 6
74 29
75 6
75 54
75 512
76 1
76 6
76 7
76 401
76 961
77 6
77 53
78 4
78 16
78 67
78 513
79 18
79 32
79 33
80 25
80 47
80 58
81 7
81 29
81 46
82 16
82 51
82 57
82 223
82 462
82 1022
83 9
83 26
83 51
83 241
83 485
84 1
84 4
84 49
85 5
85 32
85 73
85 529
86 15
86 68
86 81
87 13
87 18
87 67
88 15
88 33
88 38
89 1
89 2
89 83
89 895
89 920
90 7
90 33
90 43
91 1
91 30
91 74
92 5
92 30
92 55
93 1
93 36
93 38
93 515
94 51
94 53
94 78
95 6
95 32
95 67
96 1
96 57
96 69
97 16
97 49
97 67
97 596
98 1
98 47
98 222
99 7
99 16
99 75
99 385
99 429
99 557
100 6
100 26
100 48
101 1
101 54
101 83
101 952
102 2
102 38
102 56
103 7
103 26
103 53
104 4
104 27
104 93
105 3
105 5
105 22
106 18
106 22
106 63
107 12
107 23
107 55
107 318
108 18
108 31
108 68
108 518
108 686
108 709
109 4
109 18
109 539
110 1
110 61
110 108
110 1005
111 1
111 6
111 50
111 705
112 3
112 30
112 107
112 941
113 1
113 18
113 86
114 9
114 60
114 81
114 177
114 228
115 9
115 42
116 6
116 34
116 68
117 25
117 46
117 113
118 1
118 51
118 65
119 23
119 39
119 104
120 31
120 44
121 12
121 27
121 59
121 205
121 684
121 851
122 6
122 46
122 85
122 392
122 581
123 68
123 81
123 82
124 4
124 38
124 44
125 1
125 42
125 69
125 389
126 22
126 55
126 114
126 900
127 1
127 28
127 60
127 630
127 722
128 6
128 8
128 47
129 3
129 54
129 94
130 1
130 6
130 7
130 975
131 27
131 37
131 64
132 14
132 59
132 96
132 343
132 408
133 1
133 35
134 3
134 38
134 51
135 63
135 86
135 128
136 7
136 12
136 20
136 846
137 16
137 33
137 127
138 6
138 13
138 22
139 1
139 4
139 128
139 465
139 518
140 1
140 102
141 18
141 22
141 56
142 6
142 66
142 89
142 992
143 12
143 76
143 86
144 1
144 3
144 6
144 207
145 1
145 6
145 127
146 7
146 18
146 86
146 755
147 2
147 6
147 139
148 6
148 36
148 37
149 6
149 63
149 95
149 931
150 1
150 31
150 58
150 968
151 57
151 93
151 109
151 383
152 6
152 16
152 103
153 25
153 44
153 85
154 42
154 74
154 90
154 695
155 11
155 20
155 47
155 394
156 6
156 9
156 63
156 722
157 1
157 82
157 85
158 32
158 116
158 118
158 865
159 9
159 59
159 104
159 283
160 7
160 47
160 102
161 55
161 90
161 137
162 9
162 48
162 85
162 475
163 1
163 5
163 71
163 504
163 1024
164 1
164 41
164 151
165 4
165 6
165 815
166 1
166 25
166 66
167 3
167 15
167 47
168 6
168 46
168 75
169 44
169 152
169 160
169 544
170 1
170 131
170 162
170 645
171 5
171 74
171 162
172 4
172 16
172 136
172 431
173 16
173 74
173 145
174 22
174 130
174 172
174 614
175 4
175 40
175 107
176 48
176 132
176 133
176 380
177 6
177 65
177 151
177 730
177 836
178 1
178 11
178 99
178 337
179 83
179 92
179 157
179 223
179 684
179 751
180 8
180 9
180 29
181 6
181 48
181 155
182 5
182 6
182 23
182 185
183 5
183 47
183 82
183 910
184 1
184 6
184 61
184 783
184 816
185 1
185 106
185 126
185 732
186 1
186 6
186 43
186 135
186 884
187 2
187 91
187 129
187 353
188 3
188 84
188 120
189 2
189 105
189 174
189 542
190 11
190 43
190 131
190 492
191 24
191 46
191 147
191 483
192 40
192 75
192 154
193 38
193 43
193 157
193 825
193 905
194 25
194 90
194 106
195 6
195 23
195 80
196 35
196 42
196 57
196 373
197 48
197 118
197 120
197 681
198 1
198 36
198 81
198 177
199 10
199 16
199 81
200 1
200 6
200 57
201 6
201 153
201 181
201 678
202 107
202 191
202 200
202 629
203 6
203 7
203 39
204 9
204 16
204 23
205 1
205 3
205 115
206 3
206 6
206 151
207 16
207 67
207 83
207 759
208 46
208 67
208 204
208 317
208 363
208 687
209 6
209 18
209 42
210 23
210 62
210 157
210 998
211 1
211 48
211 67
211 630
212 9
212 53
212 86
213 9
213 58
213 145
214 3
214 7
214 61
215 1
215 4
215 65
215 434
215 548
216 47
216 60
216 61
217 6
217 14
217 119
218 1
218 66
218 148
219 24
219 108
219 126
220 46
220 48
220 196
221 1
221 86
221 187
221 438
222 16
222 22
222 190
222 454
222 816
222 825
223 1
223 26
223 189
223 599
224 1
224 22
224 104
225 48
225 76
225 176
226 69
226 77
226 166
226 654
226 851
227 107
227 149
227 158
228 9
228 122
228 137
229 1
229 74
229 154
230 3
230 112
230 143
230 278
231 7
231 32
231 146
231 590
232 25
232 36
232 86
232 409
232 775
233 14
233 114
233 230
234 77
234 110
234 202
234 556
235 66
235 117
235 162
236 3
236 82
236 186
236 923
237 6
237 61
237 126
238 53
238 78
238 209
239 3
239 51
239 90
240 6
240 14
240 161
241 69
241 77
241 219
242 1
242 109
242 120
242 586
243 1
243 6
243 141
244 7
244 74
244 145
245 30
245 90
245 129
245 403
246 22
246 63
246 150
246 977
247 2
247 46
247 183
247 697
248 6
248 12
248 144
248 956
249 9
249 26
249 247
250 20
250 40
250 99
251 3
251 140
251 158
252 1
252 58
252 135
252 536
253 33
253 57
253 131
253 239
253 357
253 723
254 1
254 6
254 82
254 389
255 18
255 163
255 166
255 187
256 1
256 21
256 22
257 6
257 113
257 136
258 38
258 147
258 167
258 370
259 66
259 162
259 231
259 676
259 799
260 6
260 18
260 160
261 81
261 161
261 233
261 428
261 908
261 994
262 6
262 43
262 48
263 15
263 80
263 96
264 1
264 35
264 105
265 1
265 51
265 156
265 958
266 6
266 18
266 221
267 9
267 46
267 157
268 66
268 86
268 231
268 937
269 26
269 54
269 157
269 558
270 134
270 140
270 149
270 220
270 347
271 92
271 96
271 156
272 6
272 31
272 242
273 161
273 192
273 208
274 1
274 59
274 210
275 1
275 69
275 269
276 1
276 6
276 160
276 689
277 5
277 54
277 212
277 219
278 1
278 190
278 766
279 1
279 16
279 236
280 34
280 90
280 212
280 842
281 3
281 43
281 194
281 921
282 10
282 86
282 144
283 22
283 63
283 119
283 502
284 28
284 118
284 158
285 43
285 260
285 279
286 69
286 170
286 213
287 3
287 199
287 224
287 346
287 912
288 1
288 6
288 60
288 497
288 628
289 7
289 12
289 203
290 21
290 85
290 147
290 648
291 3
291 15
291 16
292 50
292 204
292 232
293 1
293 86
293 288
293 793
294 116
294 250
294 254
295 75
295 84
295 285
296 14
296 125
296 213
296 804
296 996
297 97
297 115
297 119
297 494
298 7
298 150
298 166
299 22
299 178
299 207
300 1
300 2
300 105
301 4
301 74
301 179
301 387
301 982
302 40
302 140
302 284
303 32
303 56
303 264
303 787
304 1
304 16
304 26
304 519
305 13
305 43
305 194
306 1
306 58
306 192
307 26
307 81
307 235
308 22
308 198
308 264
309 105
309 162
309 255
309 1015
310 179
310 244
310 255
311 1
311 22
311 64
312 118
312 138
312 162
313 246
313 293
313 298
313 467
314 3
314 140
314 261
315 162
315 170
315 192
316 31
316 48
316 83
317 6
317 31
317 298
317 811
317 916
318 40
318 43
318 86
318 953
319 1
319 23
319 206
319 392
320 32
320 54
320 144
321 37
321 66
321 163
321 915
322 2
322 51
322 239
323 1
323 16
323 43
324 6
324 70
324 178
325 4
325 60
325 147
325 347
325 497
326 26
326 95
326 305
327 8
327 10
327 133
328 95
328 176
328 327
328 835
329 1
329 6
330 48
330 85
330 142
331 6
331 61
331 68
331 1015
332 1
332 104
332 323
332 357
333 40
333 67
333 80
333 219
333 1002
334 75
334 205
334 219
335 6
335 7
335 31
335 856
336 94
336 204
336 283
336 324
337 6
337 15
337 263
337 800
338 1
338 6
338 7
339 12
339 86
339 143
340 1
340 231
340 303
341 39
341 160
341 176
341 1012
342 76
342 108
342 212
343 6
343 57
343 198
343 952
344 48
344 86
344 263
345 1
345 100
345 164
346 16
346 74
346 263
347 162
347 238
347 322
348 39
348 56
348 70
348 224
348 866
349 8
349 156
349 253
350 1
350 3
350 36
351 36
351 247
351 296
352 160
352 260
352 307
352 728
352 1018
353 6
353 8
353 32
354 75
354 285
354 351
354 727
355 48
355 56
355 74
356 1
356 85
356 255
357 189
357 253
357 355
358 32
358 202
358 203
359 54
359 75
359 257
359 499
359 935
360 144
360 178
360 275
361 163
361 266
361 325
361 617
361 647
361 962
362 8
362 46
362 121
363 2
363 53
363 198
364 2
364 6
364 32
365 4
365 31
365 254
365 518
365 880
366 50
366 96
366 198
367 26
367 81
367 91
368 6
368 115
368 303
369 16
369 75
369 146
369 297
369 832
370 77
370 129
370 354
370 707
371 16
371 52
371 82
372 65
372 202
372 246
373 51
373 206
373 262
373 862
374 16
374 20
374 192
374 809
374 969
375 75
375 280
375 292
376 1
376 4
376 16
377 199
377 277
377 299
377 403
377 825
378 16
378 49
378 176
378 346
379 1
379 68
379 301
379 535
380 3
380 24
380 36
381 6
381 55
381 334
382 22
382 70
382 162
383 1
383 6
383 163
384 221
384 332
384 333
385 83
385 90
385 234
386 6
386 146
386 176
387 19
387 42
387 44
387 688
387 753
388 126
388 133
388 204
389 6
389 16
389 252
390 1
390 24
390 98
391 23
391 29
391 64
391 569
391 784
392 55
392 97
392 310
393 9
393 41
393 43
394 6
394 18
394 114
394 220
395 126
395 187
395 212
396 57
396 82
396 289
397 8
397 74
397 265
397 410
397 736
398 14
398 232
398 289
399 1
399 140
399 361
400 1
400 15
400 96
401 3
401 134
401 180
401 926
402 30
402 86
402 340
403 44
403 102
403 294
404 140
404 213
404 374
404 781
404 961
405 3
405 50
405 299
406 48
406 54
406 80
407 1
407 46
407 289
408 76
408 86
408 181
409 6
409 66
409 179
410 23
410 182
410 228
411 135
411 136
411 322
412 8
412 231
412 279
413 43
413 44
413 205
414 3
414 77
414 152
415 27
415 46
415 198
415 515
416 130
416 309
416 320
416 928
417 253
417 276
417 301
418 123
418 146
418 160
418 1001
419 1
419 319
419 353
420 6
420 11
420 184
421 6
421 7
421 209
422 3
422 75
422 77
423 102
423 231
423 263
424 23
424 299
424 334
425 1
425 30
425 301
426 3
426 8
426 200
427 6
427 43
427 192
427 713
428 22
428 153
428 288
429 49
429 155
429 265
430 8
430 209
430 275
430 467
431 43
431 223
431 340
432 48
432 52
432 164
433 1
433 6
433 306
434 124
434 234
434 353
435 81
435 138
435 383
436 16
436 195
436 339
436 428
437 1
437 207
437 311
438 74
438 172
439 98
439 103
439 287
440 46
440 105
440 433
440 662
440 938
441 56
441 201
441 209
441 378
441 1021
442 1
442 2
442 52
443 28
443 82
443 164
444 1
444 140
444 320
445 108
445 135
445 348
446 65
446 79
446 128
446 409
447 4
447 14
447 203
447 360
447 836
448 35
448 189
448 247
448 913
449 67
449 69
449 129
450 16
450 74
450 288
450 609
450 986
451 128
451 368
451 433
451 900
451 987
452 14
452 23
452 25
452 673
453 89
453 331
453 367
453 825
454 13
454 82
454 313
455 203
455 224
455 275
455 551
456 76
456 198
456 358
456 945
457 59
457 75
457 227
457 609
457 734
458 44
458 385
458 433
458 561
458 1017
459 117
459 216
459 294
459 331
460 82
460 110
460 126
461 43
461 91
461 316
461 650
461 1003
462 141
462 189
462 234
462 246
463 1
463 4
463 76
464 94
464 103
464 155
465 26
465 54
465 176
465 609
466 7
466 24
466 41
466 496
466 648
466 966
467 2
467 6
467 119
467 524
468 27
468 47
468 416
468 427
468 993
469 24
469 135
469 208
470 33
470 155
470 191
470 736
471 86
471 261
471 411
471 853
472 75
472 198
472 432
473 53
473 163
473 307
474 22
474 114
474 175
474 458
475 1
475 313
475 437
475 445
476 6
476 83
477 19
477 140
477 263
478 253
478 261
478 372
479 48
479 104
479 439
479 658
480 6
480 263
480 373
481 122
481 288
481 375
482 22
482 57
482 257
482 352
482 581
482 904
483 1
483 2
483 129
483 177
483 458
484 140
484 153
484 175
484 432
484 893
485 87
485 90
485 325
486 26
486 76
486 260
487 64
487 289
487 334
488 232
488 262
488 400
489 6
489 135
489 416
490 77
490 86
490 360
490 444
491 59
491 110
491 187
492 292
492 367
492 469
493 1
493 12
493 74
493 705
494 9
494 74
494 434
495 8
495 85
495 256
495 487
496 1
496 107
496 298
497 137
497 176
497 430
498 195
498 258
498 471
498 774
499 1
499 56
499 127
500 62
500 178
500 200
501 1
501 49
501 249
502 238
502 416
502 433
503 76
503 162
503 276
504 34
504 47
504 146
504 510
504 895
505 33
505 98
505 312
506 6
506 30
506 166
506 188
507 3
507 22
507 45
507 74
508 16
508 22
508 46
508 332
509 6
509 224
509 276
510 1
510 89
510 335
510 732
511 34
511 198
511 240
512 16
512 442
512 508
513 83
513 86
513 149
513 375
514 289
514 297
514 342
515 58
515 162
515 509
516 4
516 99
516 441
516 469
517 10
517 67
517 241
518 37
518 122
518 215
518 501
518 1007
519 6
519 7
519 8
520 200
520 298
520 362
520 670
521 5
521 244
521 441
521 453
521 509
521 610
522 65
522 306
522 359
522 521
522 976
523 12
523 79
523 103
524 98
524 108
524 409
525 25
525 26
525 331
526 193
526 207
526 300
527 9
527 31
527 346
528 77
528 103
528 212
528 998
529 141
529 289
529 354
529 813
530 168
530 314
530 490
531 16
531 59
531 249
532 1
532 88
532 238
532 736
533 76
533 170
533 289
534 16
534 32
534 38
535 34
535 224
535 463
535 654
535 893
536 9
536 104
536 342
537 16
537 26
537 262
537 769
538 7
538 109
538 398
539 6
539 347
539 420
539 517
540 216
540 307
540 534
540 662
540 797
541 6
541 431
541 450
541 729
542 317
542 368
542 534
542 893
542 993
543 6
543 73
543 246
543 457
543 555
543 786
544 16
544 77
544 379
544 380
545 165
545 298
545 497
546 7
546 9
546 26
547 4
547 46
547 462
547 465
548 6
548 22
548 192
548 394
549 86
549 224
549 509
550 6
550 69
550 138
550 624
551 104
551 299
551 301
551 625
551 660
552 120
552 318
552 379
552 647
553 12
553 93
553 118
554 1
554 2
554 54
555 173
555 263
555 513
556 16
556 72
556 263
557 1
557 43
557 74
558 20
558 77
558 289
559 22
559 153
559 292
559 984
559 1005
560 7
560 371
560 377
561 83
561 86
561 428
562 70
562 229
562 507
563 1
563 227
563 260
564 128
564 386
564 503
565 51
565 100
565 116
565 229
566 36
566 236
566 278
567 29
567 309
567 377
568 110
568 114
568 163
569 46
569 195
569 416
570 42
570 118
570 140
571 30
571 207
571 233
571 654
572 12
572 113
572 509
572 971
573 7
573 130
573 249
574 37
574 119
574 508
574 696
575 3
575 4
575 545
575 939
576 1
576 11
576 539
577 118
577 189
577 399
577 765
578 117
578 151
578 273
578 888
579 166
579 439
579 462
580 5
580 22
580 158
581 22
581 85
581 336
582 6
582 22
582 296
583 12
583 26
583 49
584 283
584 439
584 509
585 1
585 43
585 192
586 7
586 223
586 325
587 64
587 266
587 282
588 30
588 215
588 509
589 202
589 312
589 812
590 147
590 260
591 6
591 154
591 445
592 66
592 140
592 304
592 786
592 905
593 22
593 129
593 138
594 91
594 121
594 141
595 208
595 216
595 340
596 25
596 258
596 459
597 20
597 247
597 285
597 666
597 736
598 6
598 42
598 78
599 74
599 447
599 474
599 566
600 288
600 367
600 416
601 147
601 214
601 311
602 35
602 231
603 6
603 137
603 353
603 894
604 153
604 247
604 546
605 327
605 451
605 598
606 46
606 120
606 458
607 5
607 20
607 22
607 494
608 68
608 161
608 413
609 33
609 57
609 190
610 114
610 182
610 232
611 118
611 162
611 547
612 7
612 82
612 196
613 91
613 152
613 164
614 35
614 99
614 113
615 38
615 174
615 456
615 708
616 16
616 89
616 161
616 755
617 3
617 34
617 131
617 742
618 6
618 66
618 229
618 483
618 819
619 6
619 95
619 204
619 891
620 87
620 161
620 444
620 610
621 3
621 33
621 464
621 593
622 161
622 358
622 522
623 3
623 352
623 600
623 609
624 18
624 147
624 274
625 13
625 547
625 577
626 28
626 158
626 213
627 4
627 65
627 578
628 25
628 109
628 343
628 709
629 214
629 249
629 288
630 6
630 346
630 611
631 33
631 42
631 448
632 1
632 16
632 22
632 707
632 952
633 8
633 23
633 407
633 797
634 7
634 105
634 385
634 502
635 1
635 178
635 279
636 107
636 367
636 549
636 649
637 6
637 18
637 567
638 1
638 30
638 75
639 58
639 70
639 229
639 321
639 476
640 16
640 521
640 616
640 984
641 9
641 200
641 443
642 13
642 219
642 547
643 444
643 505
643 612
644 57
644 86
644 325
645 303
645 486
645 508
645 573
646 1
646 60
646 121
646 530
647 18
647 230
647 589
648 137
648 251
648 263
648 770
649 10
649 112
649 125
650 15
650 19
650 297
650 523
651 61
651 131
651 548
652 33
652 266
652 386
653 74
653 76
653 341
653 417
653 549
654 16
654 38
654 223
654 971
655 8
655 16
655 361
656 36
656 275
656 605
657 7
657 105
657 522
658 81
658 121
658 506
658 993
659 143
659 303
659 622
659 670
660 22
660 78
660 645
660 993
661 6
661 47
661 183
662 43
662 58
662 189
663 47
663 242
663 579
664 1
664 10
664 591
665 48
665 56
665 103
666 161
666 335
666 488
666 734
667 44
667 53
667 532
667 716
668 100
668 104
668 155
669 18
669 100
669 124
669 815
670 212
670 458
670 663
671 14
671 86
671 341
672 3
672 239
672 394
672 660
672 889
673 144
673 317
673 318
673 500
673 736
674 58
674 81
674 548
674 823
674 1006
675 3
675 276
675 552
676 6
676 29
676 653
677 55
677 135
677 143
677 308
678 1
678 266
678 483
679 1
679 383
679 394
679 416
679 557
680 12
680 26
680 59
680 349
680 952
681 83
681 85
681 364
682 162
682 294
682 680
683 1
683 61
683 274
684 3
684 7
684 8
684 694
685 19
685 243
685 514
686 58
686 89
686 398
687 30
687 148
687 566
687 903
688 8
688 250
688 334
689 6
689 22
689 513
689 921
690 331
690 375
690 657
690 899
691 42
691 152
691 464
692 65
692 312
692 659
693 20
693 176
693 323
693 427
694 212
694 264
694 533
695 361
695 564
695 618
695 646
696 67
696 151
696 675
697 7
697 25
697 80
698 212
698 304
698 398
698 979
699 33
699 38
699 104
699 935
700 120
700 188
700 480
701 41
701 58
701 127
702 28
702 67
702 209
702 842
703 4
703 144
703 268
703 734
704 48
704 310
704 377
704 617
705 33
705 207
705 354
705 994
706 1
706 95
706 533
707 14
707 18
707 97
707 454
708 28
708 67
708 371
709 353
709 382
709 481
710 243
710 429
710 501
710 520
710 663
711 8
711 173
711 298
712 3
712 6
712 262
713 3
713 48
713 287
713 694
714 156
714 297
714 549
714 868
715 227
715 266
715 298
715 626
716 38
716 74
716 327
716 818
717 33
717 88
717 265
718 247
718 262
718 284
718 544
719 6
719 86
719 129
720 12
720 334
720 336
721 212
721 285
721 639
721 855
721 931
722 6
722 55
722 561
723 160
723 693
723 698
724 141
724 246
724 488
725 171
725 246
725 444
726 6
726 160
726 449
726 517
727 22
727 31
727 231
728 48
728 116
728 374
728 395
728 930
729 57
729 84
729 719
730 82
730 155
730 274
731 44
731 128
731 187
731 211
732 209
732 224
732 510
732 736
733 8
733 9
733 633
734 127
734 367
734 681
735 13
735 168
735 482
736 3
736 102
736 212
737 106
737 141
737 227
738 1
738 162
738 543
739 4
739 9
739 316
739 723
739 776
740 221
740 413
740 661
741 1
741 129
741 566
742 12
742 30
742 86
742 349
743 56
743 257
743 544
744 103
744 107
744 572
744 851
745 116
745 334
745 591
746 176
746 224
746 232
746 366
747 105
747 163
747 639
748 99
748 191
748 679
748 700
748 768
748 930
749 367
749 382
749 423
749 425
749 740
749 1009
750 35
750 104
750 289
751 26
751 103
751 128
751 242
751 571
751 952
752 140
752 170
752 289
752 670
753 381
753 498
753 512
754 16
754 129
754 255
755 125
755 290
755 502
756 46
756 160
756 423
756 698
757 127
757 187
757 210
758 170
758 318
758 324
759 74
759 232
759 529
759 659
760 209
760 298
760 680
761 16
761 66
761 464
762 225
762 247
762 674
763 49
763 368
763 412
764 11
764 242
764 403
765 7
765 20
765 128
766 69
766 239
766 262
767 30
767 43
767 520
767 609
768 1
768 192
768 287
769 46
769 49
769 216
770 20
770 84
770 537
770 742
771 16
771 301
771 385
772 3
772 185
772 566
772 570
773 46
773 121
773 151
773 457
773 1001
774 127
774 231
774 418
774 458
775 1
775 153
775 501
775 734
775 748
776 110
776 301
776 311
776 798
777 100
777 137
777 459
778 56
778 107
778 328
778 832
778 1009
779 2
779 206
779 393
779 514
780 158
780 232
780 622
781 22
781 231
781 403
782 1
782 30
782 137
782 432
783 22
783 448
783 462
783 931
784 294
784 311
784 392
785 88
785 462
785 506
786 1
786 152
786 338
787 1
787 305
787 325
787 896
788 1
788 157
788 747
789 189
789 342
789 575
789 866
790 199
790 485
790 743
791 68
791 161
791 265
792 76
792 238
792 467
792 775
793 6
793 305
793 479
794 1
794 60
794 167
795 405
795 604
795 731
796 491
796 620
796 622
797 6
797 179
797 242
797 745
798 189
798 214
798 325
799 75
799 163
799 642
800 23
800 364
800 482
801 370
801 439
801 660
801 688
802 13
802 15
802 482
803 50
803 119
803 667
804 1
804 391
804 494
804 596
805 32
805 254
805 721
806 1
806 478
806 656
807 234
807 256
807 376
807 382
808 22
808 639
808 802
808 835
808 847
809 6
809 9
809 485
809 560
810 26
810 63
810 448
811 46
811 59
811 350
811 539
812 27
812 548
812 672
812 688
813 6
813 487
813 610
814 1
814 182
814 601
814 723
815 74
815 335
815 684
816 47
816 161
816 380
816 786
817 215
817 483
817 680
818 218
818 275
818 633
818 799
818 1021
819 3
819 323
819 566
819 817
820 1
820 322
820 769
821 1
821 25
821 51
822 1
822 354
822 431
822 984
823 227
823 386
823 631
823 692
824 44
824 81
824 462
825 16
825 46
825 162
826 21
826 26
826 103
826 562
826 946
827 26
827 29
827 153
827 1024
828 336
828 548
828 717
829 89
829 148
829 534
830 177
830 213
830 335
831 92
831 613
831 672
832 22
832 105
832 152
832 724
833 3
833 8
833 11
834 42
834 273
834 379
834 812
835 49
835 290
835 337
835 678
835 905
836 18
836 395
836 563
837 28
837 751
837 759
838 1
838 170
838 182
838 557
839 4
839 238
839 528
839 694
840 70
840 107
840 275
841 86
841 400
841 444
842 212
842 336
842 413
843 43
843 207
843 792
844 6
844 12
844 17
844 674
845 6
845 47
845 352
846 39
846 569
846 816
847 94
847 163
847 187
848 1
848 402
848 829
849 8
849 101
849 129
849 431
850 161
850 528
850 691
851 5
851 204
851 517
852 64
852 134
852 717
853 81
853 144
853 305
854 13
854 145
854 368
855 6
855 65
855 748
856 190
856 242
856 251
857 21
857 30
857 667
858 25
858 274
858 651
859 6
859 238
859 633
859 932
860 3
860 6
860 185
861 8
861 163
861 210
861 650
862 22
862 146
862 836
863 18
863 25
863 761
863 998
864 40
864 263
864 432
865 43
865 297
865 483
866 42
866 156
866 310
866 528
866 639
867 20
867 132
867 681
867 1023
868 46
868 255
868 475
869 15
869 46
869 106
870 313
870 409
870 471
870 922
871 520
871 607
871 656
872 24
872 67
872 771
872 980
873 257
873 819
873 864
874 153
874 346
874 708
874 735
874 935
875 11
875 122
875 223
876 6
876 285
876 348
877 3
877 33
877 400
877 515
877 797
878 53
878 84
878 129
878 403
879 322
879 437
879 830
880 2
880 54
880 400
881 157
881 161
881 671
881 848
882 24
882 446
882 498
883 204
883 646
883 777
883 1001
884 104
884 422
884 458
885 6
885 176
885 177
885 938
886 79
886 370
886 871
887 110
887 383
887 395
887 703
888 1
888 6
888 153
888 556
888 650
889 24
889 522
889 674
890 1
890 120
890 146
891 37
891 53
891 164
892 255
892 553
892 841
893 22
893 44
893 145
893 753
894 206
894 408
894 672
895 19
895 155
895 300
896 123
896 199
896 703
896 718
897 6
897 12
897 42
897 986
898 51
898 97
898 513
899 317
899 513
899 832
900 45
900 69
900 275
900 926
901 168
901 442
901 548
902 398
902 767
902 872
903 53
903 772
903 879
904 323
904 559
904 619
904 694
904 745
904 984
905 42
905 74
905 348
906 6
906 253
907 6
907 33
907 149
908 414
908 550
908 603
908 1008
909 1
909 187
909 608
910 431
910 858
910 902
911 100
911 347
911 553
911 975
912 33
912 98
912 340
913 285
913 402
913 413
914 1
914 48
914 483
914 992
915 44
915 74
915 264
915 583
915 1015
916 181
916 262
916 479
917 56
917 216
917 547
917 742
918 16
918 28
918 777
919 342
919 379
919 561
920 6
920 210
920 327
921 1
921 105
921 207
922 98
922 163
922 359
922 410
922 613
923 458
923 488
923 730
924 134
924 210
924 836
925 158
925 342
925 418
925 612
926 33
926 162
927 6
927 545
927 839
928 43
928 109
928 285
928 827
929 53
929 232
929 768
929 771
930 4
930 32
931 30
931 326
931 771
931 956
932 4
932 233
932 538
932 666
932 797
933 22
933 31
933 239
934 108
934 221
934 600
935 39
935 471
935 502
935 766
935 879
936 144
936 190
936 220
936 247
937 1
937 2
937 512
938 144
938 183
938 298
939 137
939 583
939 614
939 894
939 932
939 994
940 7
940 16
940 385
941 161
941 268
941 632
942 375
942 391
942 879
943 319
943 447
943 810
944 19
944 81
944 108
944 791
945 211
945 711
945 712
946 539
946 572
946 699
947 6
947 277
947 749
948 7
948 350
948 902
948 929
949 46
949 75
949 690
949 951
950 4
950 110
950 334
951 2
951 451
951 640
951 702
952 212
952 339
952 569
953 47
953 57
953 66
954 141
954 252
954 291
955 1
955 9
955 440
956 215
956 366
956 805
956 817
957 1
957 6
957 66
957 823
957 863
958 46
958 288
958 566
958 801
959 129
959 334
959 337
959 691
960 187
960 215
960 222
961 16
961 59
961 183
961 735
962 252
962 271
962 451
962 753
963 43
963 783
963 880
964 4
964 344
964 765
964 818
965 7
965 109
965 824
966 16
966 188
966 267
966 427
967 1
967 201
967 281
967 538
968 1
968 627
968 946
969 97
969 140
969 591
970 125
970 163
970 643
970 979
971 76
971 264
971 629
971 887
972 78
972 103
972 645
972 912
973 173
973 276
973 812
973 968
974 162
974 224
974 730
974 983
975 13
975 102
975 108
975 676
976 44
976 306
976 587
976 790
977 107
977 170
977 305
978 55
978 210
978 498
979 6
979 37
979 756
979 922
980 540
980 705
980 736
980 884
981 57
981 310
981 684
981 781
982 1
982 380
982 806
983 6
983 298
983 654
983 923
984 414
984 507
984 625
984 753
984 772
985 53
985 289
986 1
986 326
986 410
986 705
986 709
986 786
986 884
987 370
987 624
987 881
988 53
988 224
988 985
989 212
989 382
989 931
990 51
990 843
990 897
991 208
991 245
991 913
992 6
992 56
992 789
993 22
993 133
993 175
993 342
994 323
994 405
994 662
994 839
995 6
995 110
995 803
995 908
996 2
996 16
996 534
997 6
997 18
997 55
997 1005
998 22
998 304
998 358
999 6
999 26
999 421
1000 421
1000 438
1000 472
1000 647
1001 6
1001 188
1001 736
1001 792
1002 63
1002 208
1002 783
1002 831
1003 29
1003 290
1003 381
1003 941
1003 977
1004 1
1004 29
1004 317
1004 888
1004 981
1005 7
1005 217
1005 910
1006 22
1006 53
1006 243
1007 1
1007 200
1007 455
1008 86
1008 326
1008 654
1008 983
1009 550
1009 659
1009 744
1009 792
1009 798
1009 896
1010 43
1010 48
1010 718
1011 89
1011 393
1011 434
1011 528
1011 838
1011 965
1012 33
1012 312
1012 772
1013 23
1013 136
1013 838
1013 929
1013 970
1014 11
1014 63
1014 162
1014 714
1015 9
1015 310
1015 890
1015 893
1016 9
1016 560
1016 807
1017 15
1017 485
1017 842
1017 963
1018 18
1018 28
1018 32
1018 453
1019 301
1019 308
1019 409
1019 852
1020 152
1020 156
1020 289
1021 120
1021 144
1021 353
1021 501
1022 1
1022 12
1022 331
1022 652
1022 704
1023 46
1023 812
1023 849
1023 940
1024 6
1024 259
1024 483
