2 1
3 1
3 2
3 876
3 936
4 1
4 3
5 1
5 2
6 1
6 2
6 3
6 4
6 62
6 773
7 1
7 3
8 1
8 2
8 3
8 6
8 427
9 1
9 5
9 7
9 110
10 1
10 2
10 7
10 8
10 720
11 1
11 2
11 3
11 5
11 98
12 1
12 2
12 3
12 7
12 8
13 1
13 2
13 5
13 8
13 702
14 1
14 3
14 5
14 11
15 2
15 7
15 8
15 12
15 325
16 1
16 7
16 694
17 1
17 5
17 6
17 7
17 8
18 1
18 3
18 9
19 3
19 4
19 7
19 15
19 205
19 578
20 1
20 5
20 8
20 553
21 1
21 2
21 3
21 4
21 5
22 1
22 11
22 16
22 17
22 19
23 1
23 8
23 11
23 19
23 22
24 1
24 2
24 3
24 21
24 855
25 1
25 5
25 7
25 13
26 11
26 13
26 20
26 21
26 22
27 8
27 11
27 13
27 412
28 1
28 2
28 14
28 19
28 274
28 519
28 524
29 2
29 4
29 7
29 8
29 16
30 1
30 6
30 12
30 24
31 5
31 6
31 9
31 24
31 27
31 623
31 716
31 731
31 951
32 1
32 8
32 11
33 1
33 2
33 15
33 16
33 629
34 11
34 16
34 20
34 29
34 32
34 901
35 16
35 21
35 29
35 31
36 3
36 5
36 8
36 10
36 25
36 594
37 1
37 10
37 21
37 24
37 26
38 21
38 22
38 32
38 34
39 1
39 17
39 19
39 283
39 536
40 8
40 17
40 19
40 28
40 29
40 196
41 1
41 2
41 9
41 18
41 37
41 979
42 5
42 11
42 19
42 20
43 1
43 13
43 15
43 24
43 31
43 609
44 1
44 7
44 11
44 26
45 2
45 7
45 9
45 13
45 19
46 1
46 15
46 36
46 37
47 2
47 8
47 22
47 34
47 36
48 8
48 15
48 23
48 42
48 46
48 751
49 1
49 14
49 20
49 23
49 42
49 891
50 1
50 8
50 19
50 22
50 772
51 1
51 4
51 6
51 9
51 44
51 470
52 1
52 11
52 22
52 32
52 46
52 375
52 904
53 4
53 11
53 13
53 15
53 49
53 176
53 710
54 1
54 7
54 41
54 45
54 49
55 2
55 32
55 40
55 48
56 1
56 7
56 8
56 21
56 44
57 1
57 11
57 20
57 29
57 577
58 8
58 19
58 23
58 27
58 32
59 1
59 5
59 8
59 9
59 22
60 1
60 3
60 9
60 22
60 42
60 623
61 1
61 19
61 30
61 43
62 2
62 3
62 18
62 49
62 981
62 986
63 1
63 5
63 21
63 27
63 53
64 1
64 14
64 19
64 27
65 1
65 9
65 33
65 55
66 11
66 14
66 19
66 47
67 11
67 14
67 18
67 29
67 46
67 542
67 980
68 1
68 2
68 9
68 31
68 38
69 2
69 7
69 12
69 19
69 47
70 1
70 6
70 39
70 69
71 5
71 15
71 41
71 49
71 53
71 885
72 1
72 7
72 8
72 33
73 1
73 3
73 43
73 49
73 54
73 348
74 1
74 8
74 13
74 18
74 73
74 311
74 460
74 577
74 770
75 15
75 30
75 49
75 66
76 15
76 22
76 24
76 29
76 46
76 208
77 3
77 12
77 27
77 29
77 45
78 1
78 21
78 43
79 6
79 10
79 14
79 30
79 36
80 1
80 5
80 32
80 58
81 2
81 11
81 19
81 24
81 34
81 815
82 7
82 9
82 25
82 50
82 65
83 1
83 5
83 43
83 55
83 58
84 2
84 7
84 25
84 47
84 50
84 682
85 5
85 24
85 64
85 66
85 640
86 1
86 33
86 40
86 42
86 81
87 1
87 14
87 15
87 39
87 82
88 7
88 11
88 45
88 79
89 1
89 21
89 24
89 44
90 4
90 12
90 24
90 54
91 3
91 6
91 23
91 45
91 89
92 1
92 5
92 50
92 89
93 9
93 46
93 55
93 77
93 86
93 948
94 1
94 11
94 12
94 13
94 23
95 1
95 11
95 72
95 76
95 90
95 243
95 338
96 31
96 57
96 61
96 76
96 85
97 2
97 3
97 39
97 70
97 81
98 7
98 8
98 22
98 29
98 81
99 11
99 12
99 24
99 52
99 67
100 3
100 12
100 32
100 66
100 77
101 1
101 8
101 14
101 32
101 48
102 1
102 2
102 47
102 62
102 70
103 19
103 33
103 36
103 89
103 101
103 965
104 2
104 16
104 57
104 65
104 83
104 232
105 4
105 18
105 47
105 53
105 95
106 1
106 9
106 26
106 59
106 61
106 311
106 731
107 20
107 47
107 55
107 68
107 104
107 655
108 1
108 3
108 11
108 37
108 81
109 7
109 9
109 19
109 22
109 104
110 2
110 46
110 62
110 83
110 95
111 1
111 11
111 17
111 37
112 1
112 29
112 49
112 54
112 55
113 11
113 23
113 39
113 50
113 103
114 11
114 20
114 40
114 89
114 111
114 631
115 3
115 24
115 96
116 9
116 26
116 54
116 87
116 105
117 3
117 7
117 11
117 31
117 116
117 255
118 2
118 19
118 92
118 117
118 1015
119 1
119 19
119 22
119 44
119 94
119 584
120 9
120 24
120 63
120 70
120 100
120 951
120 1009
121 6
121 17
121 65
121 98
121 119
122 7
122 24
122 29
122 37
122 119
123 4
123 23
123 40
123 106
124 1
124 24
124 78
124 79
124 98
124 659
125 7
125 8
125 80
125 92
125 105
126 1
126 2
126 32
126 97
126 104
126 839
127 1
127 83
127 108
127 110
127 119
127 841
128 5
128 12
128 15
128 23
128 55
129 3
129 36
129 37
129 48
129 543
130 2
130 12
130 29
130 31
130 33
131 15
131 29
131 68
131 90
131 97
132 1
132 2
132 62
132 89
133 1
133 8
133 22
133 100
133 118
133 463
133 705
134 18
134 19
134 58
134 62
134 65
135 59
135 73
135 79
135 92
135 127
136 12
136 49
136 50
136 123
136 129
136 263
137 1
137 20
137 23
137 59
137 693
138 46
138 51
138 53
138 95
138 131
139 2
139 20
139 22
139 31
139 84
140 19
140 24
140 54
140 77
140 81
140 744
141 1
141 2
141 3
141 14
141 41
141 260
142 1
142 5
142 17
142 19
142 129
143 8
143 33
143 81
143 114
143 121
143 442
143 447
143 767
144 2
144 5
144 9
144 62
144 83
144 338
144 530
145 21
145 55
145 61
145 91
145 120
146 1
146 22
146 44
146 102
147 1
147 30
147 35
147 55
147 56
147 155
147 328
147 831
148 1
148 34
148 86
148 90
148 106
149 21
149 117
149 119
149 126
149 138
149 631
150 11
150 36
150 41
150 117
150 141
151 9
151 19
151 21
151 24
151 124
152 46
152 47
152 63
152 119
152 151
153 1
153 41
153 42
153 76
154 8
154 35
154 99
154 115
154 123
155 15
155 35
155 58
155 61
155 112
156 55
156 119
156 120
156 122
156 130
157 6
157 23
157 61
157 63
157 85
157 779
158 16
158 19
158 27
158 35
158 65
159 6
159 69
159 82
159 90
159 141
159 306
160 22
160 30
160 53
160 61
160 121
160 645
161 1
161 3
161 58
161 86
161 87
161 472
162 11
162 13
162 15
162 56
162 100
163 1
163 18
163 22
163 136
163 425
164 9
164 13
164 39
164 75
164 76
165 14
165 46
165 58
165 72
165 94
165 603
166 2
166 3
166 13
166 15
166 474
166 559
166 734
166 913
167 3
167 31
167 128
167 133
167 151
168 1
168 10
168 28
168 64
168 111
169 1
169 32
169 61
169 77
169 153
170 24
170 47
170 73
170 109
171 2
171 4
171 62
171 90
171 130
172 7
172 19
172 50
172 93
172 162
172 736
173 50
173 66
173 73
173 86
173 125
173 701
174 33
174 61
174 66
174 67
174 83
175 1
175 7
175 16
175 47
175 161
176 7
176 74
176 101
176 105
176 136
177 9
177 17
177 19
177 61
177 157
177 651
177 763
178 8
178 17
178 62
178 84
178 96
179 3
179 5
179 27
179 90
179 892
180 1
180 100
180 105
180 124
180 136
181 1
181 16
181 39
181 92
181 105
182 6
182 18
182 20
182 25
182 55
183 9
183 24
183 54
183 142
183 170
183 431
184 11
184 18
184 32
184 48
184 59
184 688
184 927
185 1
185 24
185 29
185 46
185 110
186 52
186 55
186 86
186 104
186 114
187 1
187 2
187 21
187 116
187 127
188 11
188 32
188 81
188 87
188 155
189 3
189 7
189 22
189 39
189 186
190 19
190 25
190 85
190 114
191 18
191 61
191 146
191 170
191 177
191 709
192 1
192 16
192 22
192 151
192 465
193 11
193 15
193 19
193 58
193 66
194 8
194 20
194 46
194 63
194 93
194 945
195 22
195 23
195 53
195 87
195 113
195 239
196 38
196 53
196 93
196 94
196 135
197 1
197 7
197 11
197 47
197 176
198 4
198 7
198 8
198 9
198 27
199 4
199 6
199 18
199 30
200 1
200 36
200 100
200 106
200 123
200 821
201 7
201 19
201 39
201 86
202 4
202 9
202 22
202 42
202 49
203 9
203 21
203 47
203 65
203 77
204 7
204 18
204 42
204 46
204 122
204 517
204 896
205 4
205 6
205 75
205 91
205 187
206 1
206 11
206 18
206 22
206 65
207 1
207 14
207 22
207 24
207 168
208 44
208 50
208 58
208 116
208 171
209 9
209 11
209 48
209 60
209 203
210 9
210 106
210 129
210 132
210 193
211 2
211 15
211 22
211 142
211 145
212 14
212 28
212 91
212 132
212 193
213 5
213 15
213 47
213 170
213 178
214 13
214 20
214 41
214 72
214 146
215 2
215 6
215 31
215 55
215 100
216 1
216 44
216 76
216 186
216 203
217 2
217 3
217 42
217 53
217 77
218 14
218 41
218 75
218 80
219 11
219 15
219 19
219 25
219 44
220 14
220 43
220 48
220 188
220 194
220 507
220 995
221 8
221 15
221 43
221 48
221 106
222 1
222 24
222 29
222 54
222 221
222 274
222 517
222 826
223 8
223 41
223 63
223 88
224 1
224 30
224 62
224 90
225 1
225 16
225 30
225 56
225 137
225 881
226 2
226 25
226 81
226 156
226 192
226 649
227 7
227 27
227 45
227 85
227 122
228 20
228 66
228 88
228 162
228 174
229 22
229 80
229 105
229 135
229 198
229 819
229 862
230 9
230 18
230 113
230 165
230 167
230 317
231 1
231 33
231 53
231 148
232 1
232 48
232 100
232 185
232 208
233 13
233 19
233 38
233 70
234 42
234 122
234 138
234 142
234 219
234 396
235 1
235 39
235 134
235 153
235 203
235 993
236 14
236 76
236 101
236 114
236 199
237 46
237 85
237 101
237 171
237 224
238 2
238 11
238 18
238 76
238 110
238 928
239 7
239 66
239 105
239 139
239 193
240 2
240 19
240 33
240 74
240 103
241 9
241 22
241 38
241 39
241 143
242 1
242 18
242 114
242 134
242 176
243 1
243 24
243 99
243 110
243 241
243 654
244 14
244 49
244 116
244 129
244 188
245 1
245 96
245 139
245 161
245 205
245 582
246 11
246 23
246 137
246 146
246 186
246 764
246 905
247 44
247 46
247 101
247 171
247 198
247 927
248 1
248 4
248 9
248 10
248 241
249 1
249 19
249 29
249 50
249 76
249 766
249 1013
250 1
250 90
250 135
250 173
250 249
251 22
251 159
251 162
251 192
251 205
252 54
252 140
252 170
252 198
252 245
252 728
252 777
253 3
253 83
253 90
253 188
253 205
253 209
254 1
254 12
254 115
254 178
254 238
255 1
255 3
255 19
255 30
255 83
256 4
256 71
256 84
256 118
256 149
257 5
257 143
257 202
257 240
257 241
257 300
258 3
258 13
258 24
258 87
258 133
259 30
259 75
259 117
259 158
259 189
260 42
260 44
260 54
260 122
260 169
260 856
261 1
261 8
261 33
261 61
261 170
261 556
262 1
262 20
262 47
262 122
262 357
263 4
263 9
263 19
263 96
263 131
264 1
264 6
264 26
264 165
264 246
264 978
265 16
265 87
265 93
265 140
265 204
266 1
266 18
266 145
266 183
266 225
266 790
267 1
267 17
267 19
267 43
267 119
267 153
267 634
268 2
268 28
268 58
268 85
268 203
269 2
269 22
269 54
269 167
269 171
270 5
270 24
270 63
270 157
270 258
270 995
271 18
271 44
271 46
271 66
271 197
271 521
272 1
272 8
272 46
272 72
272 136
273 1
273 19
273 42
273 61
273 710
274 9
274 15
274 35
274 67
274 131
274 621
275 7
275 49
275 66
275 119
275 251
276 13
276 95
276 209
276 218
276 254
277 4
277 20
277 84
277 128
277 148
277 207
278 9
278 33
278 41
278 171
278 191
279 2
279 29
279 81
279 92
279 272
280 11
280 142
280 163
280 205
280 241
280 666
281 12
281 45
281 115
281 191
281 198
282 11
282 13
282 24
282 75
282 216
282 930
283 21
283 54
283 96
283 152
283 190
283 859
284 17
284 63
284 101
284 206
284 218
285 2
285 8
285 13
285 21
285 29
285 201
285 393
286 1
286 24
286 223
286 245
286 279
287 10
287 19
287 124
287 172
287 250
288 3
288 8
288 81
288 192
288 215
289 57
289 63
289 190
289 203
289 259
289 717
290 2
290 22
290 50
290 217
290 227
290 238
291 1
291 32
291 119
291 209
292 4
292 5
292 42
292 56
292 199
293 128
293 172
293 175
293 192
293 268
294 15
294 134
294 157
294 184
294 287
295 15
295 21
295 39
295 65
295 214
295 763
296 1
296 83
296 150
296 156
296 164
296 909
297 11
297 12
297 34
297 90
297 121
298 13
298 61
298 71
298 165
298 268
299 8
299 43
299 92
299 174
299 193
300 14
300 25
300 70
300 107
300 268
300 632
301 2
301 8
301 104
301 236
301 237
302 1
302 8
302 10
302 90
302 151
303 1
303 13
303 53
303 205
304 15
304 76
304 175
304 198
304 280
305 17
305 19
305 85
305 231
305 281
306 1
306 6
306 56
306 232
306 257
307 2
307 101
307 141
307 163
307 235
307 743
308 1
308 37
308 65
308 116
308 287
309 13
309 45
309 137
309 142
309 308
310 11
310 18
310 77
310 120
310 188
311 14
311 135
311 173
311 278
311 299
312 15
312 22
312 65
312 103
312 188
313 23
313 136
313 140
313 232
313 261
314 5
314 41
314 88
314 91
314 256
315 39
315 86
315 122
315 281
315 308
316 19
316 29
316 108
316 116
316 495
317 5
317 7
317 82
317 179
317 296
318 15
318 46
318 50
318 97
318 197
318 731
319 59
319 81
319 187
319 234
319 262
320 14
320 59
320 84
320 283
320 317
321 3
321 14
321 17
321 217
321 219
321 767
322 4
322 25
322 268
322 273
322 294
322 756
323 1
323 12
323 32
323 277
323 299
324 3
324 103
324 130
324 161
324 313
324 493
324 961
325 19
325 21
325 155
325 257
325 290
326 60
326 61
326 73
326 170
326 174
326 861
327 24
327 59
327 140
327 162
327 187
328 1
328 53
328 182
328 183
328 313
329 13
329 49
329 81
329 107
329 306
330 9
330 37
330 39
330 151
331 1
331 18
331 49
331 174
331 225
332 8
332 39
332 46
332 180
332 219
333 1
333 7
333 26
333 185
333 325
334 2
334 19
334 23
334 140
334 215
335 108
335 121
335 139
335 156
335 259
336 16
336 49
336 53
336 153
336 318
337 11
337 15
337 19
337 50
337 105
338 5
338 107
338 139
338 299
338 706
339 3
339 18
339 96
339 119
339 907
340 5
340 10
340 151
340 275
340 325
340 798
341 19
341 42
341 60
341 147
341 162
341 682
342 29
342 107
342 141
342 211
342 213
342 289
343 8
343 52
343 156
343 171
343 213
344 25
344 171
344 217
344 262
344 341
344 474
345 15
345 94
345 145
345 164
345 167
346 1
346 5
346 12
346 35
346 207
347 11
347 69
347 77
347 139
347 246
348 11
348 177
348 204
348 316
348 324
348 881
349 11
349 30
349 61
349 283
349 326
350 2
350 99
350 141
350 167
350 273
350 914
351 2
351 30
351 64
351 94
351 132
351 449
352 1
352 45
352 47
352 80
352 705
353 2
353 11
353 54
353 111
353 330
354 4
354 30
354 63
354 206
354 328
355 1
355 2
355 5
355 100
355 128
356 48
356 219
356 232
356 306
356 411
356 791
357 30
357 35
357 88
357 110
357 201
358 19
358 37
358 42
358 62
358 161
358 299
359 3
359 29
359 38
359 95
359 340
359 749
360 19
360 43
360 179
360 180
360 313
361 16
361 109
361 131
361 261
361 287
362 1
362 70
362 172
362 304
362 1005
363 19
363 23
363 62
363 92
363 119
364 1
364 2
364 23
364 274
364 313
364 721
365 1
365 5
365 13
365 28
365 276
366 12
366 19
366 116
366 138
366 222
366 572
366 812
367 11
367 101
367 119
367 211
367 274
368 39
368 242
368 315
368 325
368 334
368 978
369 11
369 24
369 197
369 207
369 358
370 1
370 63
370 121
370 255
370 300
370 684
371 16
371 19
371 44
371 70
371 129
371 706
372 32
372 48
372 231
372 276
372 332
373 11
373 22
373 67
373 92
373 129
374 1
374 11
374 84
374 169
374 312
375 7
375 43
375 49
375 94
375 356
376 5
376 88
376 116
376 216
376 254
377 1
377 82
377 188
377 240
377 356
378 1
378 2
378 11
378 62
378 129
379 1
379 180
379 235
379 320
379 369
380 5
380 8
380 13
380 52
380 274
381 8
381 61
381 296
381 299
381 328
382 17
382 46
382 118
382 282
382 366
383 3
383 7
383 9
383 197
383 260
384 53
384 120
384 251
384 299
384 348
385 34
385 47
385 66
385 146
385 337
386 7
386 16
386 143
386 244
386 261
387 12
387 72
387 218
387 332
387 382
387 805
388 1
388 82
388 101
388 190
388 194
389 2
389 24
389 70
389 73
389 219
390 1
390 8
390 81
390 120
390 346
391 42
391 62
391 120
391 126
391 355
392 59
392 61
392 151
392 267
392 269
393 1
393 3
393 12
393 103
393 243
394 1
394 8
394 15
394 31
394 87
394 659
395 18
395 19
395 61
395 173
395 313
395 318
396 14
396 63
396 115
396 188
396 303
397 55
397 90
397 153
397 176
397 198
397 1005
398 10
398 55
398 167
398 251
398 324
398 609
399 97
399 122
399 253
399 298
399 307
399 540
399 695
400 11
400 37
400 246
400 263
400 308
400 682
401 131
401 171
401 221
401 240
402 22
402 46
402 53
402 343
402 394
402 865
403 1
403 21
403 306
403 307
403 331
404 22
404 26
404 130
404 144
404 319
404 630
405 6
405 43
405 118
405 153
405 307
405 500
405 533
406 11
406 123
406 171
406 243
406 306
407 4
407 8
407 11
407 306
407 382
408 1
408 32
408 74
408 144
408 244
408 311
408 888
409 38
409 45
409 171
409 281
409 285
409 632
409 770
410 3
410 45
410 142
410 160
410 375
410 809
411 10
411 13
411 152
411 260
411 315
412 6
412 12
412 19
412 73
412 332
412 678
413 5
413 39
413 96
413 147
413 190
414 2
414 44
414 52
414 121
414 260
415 1
415 31
415 58
415 196
415 347
415 924
416 5
416 22
416 61
416 209
416 410
417 1
417 165
417 265
417 323
417 374
418 5
418 6
418 13
418 64
418 76
418 263
418 520
419 177
419 197
419 215
419 242
419 292
419 397
420 67
420 72
420 117
420 151
420 375
421 68
421 100
421 140
421 261
421 377
422 14
422 50
422 131
422 285
422 304
422 737
423 1
423 18
423 200
423 248
423 359
423 910
424 72
424 76
424 198
424 214
424 217
424 912
425 1
425 16
425 125
425 151
425 311
426 1
426 120
426 131
426 181
426 204
427 1
427 19
427 165
427 191
427 357
428 9
428 24
428 53
428 171
428 207
428 869
429 23
429 50
429 174
429 297
429 323
430 1
430 6
430 271
430 275
430 276
430 741
431 1
431 23
431 76
431 192
431 220
432 21
432 141
432 213
432 407
432 414
433 5
433 71
433 222
433 299
433 333
434 11
434 21
434 122
434 372
435 1
435 29
435 61
435 126
435 189
435 302
436 14
436 40
436 41
436 89
437 1
437 78
437 130
437 259
437 428
437 815
438 58
438 71
438 109
438 151
438 178
439 1
439 24
439 32
439 97
439 319
440 45
440 61
440 73
440 347
440 438
441 3
441 4
441 24
441 161
441 189
442 50
442 88
442 92
442 157
442 218
443 2
443 73
443 74
443 110
443 365
443 638
443 830
444 8
444 76
444 219
444 277
444 324
444 977
445 8
445 29
445 251
445 315
445 361
446 33
446 127
446 138
446 332
446 348
446 388
447 21
447 59
447 87
447 92
447 106
447 327
448 17
448 73
448 175
448 303
448 396
449 2
449 44
449 61
449 287
449 433
450 48
450 111
450 189
450 330
450 370
451 44
451 46
451 53
451 97
451 151
451 253
452 3
452 15
452 22
452 133
452 142
453 2
453 18
453 98
453 108
453 435
454 7
454 64
454 120
454 267
454 431
455 144
455 165
455 203
455 222
455 262
456 1
456 11
456 14
456 27
456 169
457 147
457 261
457 318
457 394
457 405
458 41
458 88
458 264
458 271
458 300
459 21
459 23
459 24
459 31
459 60
460 9
460 34
460 319
460 380
460 421
460 454
461 7
461 8
461 50
461 187
461 341
462 2
462 5
462 39
462 132
463 11
463 19
463 26
463 44
463 105
463 707
463 983
464 8
464 23
464 128
464 137
464 146
464 768
465 23
465 75
465 124
465 229
465 386
466 7
466 15
466 19
466 98
466 359
467 48
467 204
467 281
467 348
467 460
467 880
468 17
468 42
468 119
468 210
468 287
469 5
469 39
469 271
469 274
469 395
470 3
470 66
470 68
470 81
470 454
471 1
471 185
471 200
471 224
471 349
471 987
472 1
472 167
472 215
472 232
472 243
472 292
472 596
473 6
473 46
473 100
473 128
473 451
474 25
474 57
474 98
474 262
474 335
474 812
475 2
475 7
475 152
475 199
475 437
476 1
476 9
476 20
476 99
476 210
476 228
476 855
476 999
477 24
477 61
477 108
477 277
477 342
477 645
478 1
478 12
478 251
478 298
478 349
478 754
479 2
479 119
479 179
479 306
479 380
480 29
480 32
480 49
480 294
480 311
481 1
481 7
481 21
481 124
481 222
482 10
482 37
482 119
482 210
482 353
482 563
483 35
483 53
483 220
483 257
483 271
484 10
484 32
484 74
484 139
484 207
485 5
485 93
485 143
485 235
485 448
485 798
486 8
486 61
486 146
486 188
486 263
487 3
487 8
487 25
487 136
487 242
487 385
487 746
488 5
488 61
488 106
488 217
488 226
488 443
489 5
489 23
489 30
489 168
489 186
489 795
490 18
490 53
490 99
490 126
490 233
490 422
491 7
491 9
491 55
491 227
491 234
492 1
492 5
492 9
492 142
492 340
492 571
493 2
493 52
493 100
493 213
493 313
494 39
494 67
494 272
494 308
494 390
494 921
495 1
495 66
495 100
495 101
495 253
496 2
496 136
496 142
496 280
496 425
496 490
497 84
497 214
497 244
497 323
497 361
498 12
498 24
498 38
498 40
498 94
499 1
499 48
499 61
499 100
499 422
500 132
500 270
500 326
500 370
500 492
500 790
501 40
501 57
501 70
501 319
501 358
501 792
502 18
502 35
502 111
502 131
502 439
502 659
503 19
503 47
503 267
503 404
503 408
503 738
504 133
504 140
504 197
504 374
504 384
505 1
505 63
505 218
505 281
505 284
505 788
506 169
506 220
506 358
506 424
506 467
506 476
506 514
507 81
507 258
507 367
507 452
507 487
508 3
508 13
508 24
508 188
508 407
509 8
509 54
509 345
509 395
509 454
510 3
510 7
510 443
510 445
510 499
511 2
511 30
511 41
511 83
511 185
512 46
512 114
512 240
512 366
512 371
513 21
513 95
513 413
513 451
513 459
514 11
514 137
514 193
514 229
514 276
515 12
515 30
515 129
515 133
515 422
515 487
515 852
516 12
516 63
516 153
516 213
516 480
516 991
517 24
517 77
517 215
517 354
517 381
517 645
518 41
518 57
518 63
518 71
518 489
518 923
519 8
519 55
519 127
519 261
519 295
519 334
519 597
520 7
520 14
520 96
520 107
520 368
520 802
521 20
521 37
521 87
521 92
521 137
521 999
522 9
522 153
522 156
522 318
522 324
522 962
523 13
523 37
523 264
523 463
523 520
524 92
524 119
524 384
524 419
524 444
524 578
525 10
525 24
525 69
525 135
525 334
525 808
526 165
526 173
526 186
526 285
526 299
527 19
527 20
527 69
527 87
527 475
527 575
528 49
528 117
528 232
528 328
528 797
529 45
529 73
529 263
529 363
529 438
530 5
530 48
530 66
530 244
530 355
531 1
531 19
531 45
531 88
531 125
532 32
532 46
532 56
532 101
532 189
533 161
533 194
533 200
533 426
533 465
534 127
534 158
534 172
534 201
534 459
535 1
535 87
535 192
535 204
535 533
536 16
536 37
536 44
536 49
536 488
537 19
537 85
537 218
537 306
537 404
538 38
538 124
538 199
538 282
538 288
539 15
539 61
539 189
539 329
539 481
540 107
540 209
540 329
540 421
540 443
540 808
541 1
541 11
541 26
541 65
541 78
541 958
542 1
542 8
542 218
542 348
542 534
543 16
543 25
543 191
543 242
543 522
543 590
544 19
544 114
544 251
544 405
544 496
544 860
544 1015
545 6
545 24
545 55
545 153
545 423
546 54
546 205
546 309
546 367
546 425
547 9
547 11
547 16
547 204
548 34
548 140
548 200
548 430
548 453
549 3
549 24
549 47
549 198
549 308
550 27
550 273
550 356
550 507
550 521
550 783
551 1
551 53
551 109
551 222
551 418
552 3
552 33
552 81
552 125
552 413
553 63
553 197
553 303
553 354
553 378
554 132
554 139
554 142
554 261
554 509
555 37
555 60
555 116
555 171
555 360
555 936
556 10
556 29
556 78
556 135
556 163
557 116
557 196
557 202
557 259
557 332
558 6
558 111
558 183
558 511
558 531
559 56
559 118
559 276
559 287
559 308
560 3
560 69
560 110
560 216
560 492
561 2
561 138
561 229
561 268
561 323
562 108
562 258
562 307
562 324
562 343
562 882
563 53
563 141
563 217
563 263
563 306
564 1
564 2
564 74
564 513
564 515
565 7
565 9
565 13
565 476
565 508
565 607
566 40
566 45
566 219
566 285
566 513
567 2
567 18
567 58
567 137
567 498
567 717
567 724
568 23
568 50
568 84
568 166
568 197
568 258
569 94
569 193
569 200
569 263
569 456
570 3
570 25
570 39
570 205
570 218
571 2
571 97
571 328
571 364
571 431
571 657
572 72
572 99
572 264
572 473
572 505
572 974
573 1
573 17
573 20
573 157
573 563
574 8
574 292
574 335
574 405
575 8
575 9
575 47
575 313
575 366
575 623
575 1003
576 117
576 197
576 198
576 281
576 323
577 1
577 69
577 207
577 389
577 444
578 40
578 146
578 175
578 242
578 366
578 967
579 1
579 4
579 8
579 48
579 565
580 3
580 150
580 208
580 304
580 467
580 966
581 9
581 46
581 143
581 245
581 353
582 1
582 73
582 150
582 232
582 465
583 11
583 27
583 281
583 331
583 467
583 577
584 27
584 58
584 244
584 251
584 268
584 501
585 1
585 2
585 122
585 220
585 524
585 992
586 31
586 77
586 103
586 274
586 414
587 61
587 141
587 146
587 525
587 556
588 12
588 171
588 174
588 244
588 566
589 1
589 2
589 40
589 242
589 269
590 7
590 9
590 24
590 134
590 187
590 680
591 7
591 11
591 17
591 101
591 274
592 156
592 179
592 192
592 200
592 587
593 53
593 171
593 261
593 397
593 453
594 119
594 157
594 345
594 470
594 583
594 927
595 14
595 137
595 182
595 253
595 310
595 346
595 445
595 531
596 2
596 4
596 39
596 143
596 161
596 297
597 62
597 115
597 289
597 306
597 545
598 13
598 323
598 393
598 452
598 461
598 493
598 1020
599 1
599 66
599 395
599 570
600 11
600 13
600 44
600 162
600 206
601 68
601 108
601 127
601 205
601 557
602 13
602 209
602 221
602 504
602 550
602 567
603 17
603 135
603 192
603 287
603 505
604 1
604 8
604 66
604 108
604 242
605 24
605 58
605 261
605 372
605 519
606 1
606 53
606 112
606 289
606 466
606 631
606 892
607 31
607 130
607 266
607 297
607 471
608 1
608 165
608 305
609 1
609 32
609 332
609 356
609 551
610 113
610 119
610 211
610 222
610 332
611 44
611 205
611 270
611 392
611 500
612 8
612 55
612 407
612 426
612 522
613 3
613 146
613 224
613 233
613 258
613 521
614 1
614 14
614 163
614 271
614 580
615 39
615 58
615 109
615 448
615 470
615 848
616 10
616 24
616 338
616 405
616 576
617 9
617 37
617 121
617 230
617 551
617 971
618 9
618 111
618 204
618 206
618 334
618 730
619 1
619 43
619 267
619 534
619 583
619 717
620 43
620 142
620 221
620 269
620 391
621 5
621 46
621 49
621 372
621 473
621 725
622 2
622 7
622 38
622 100
622 401
623 29
623 33
623 63
623 343
623 507
623 984
624 77
624 170
624 378
624 485
624 582
625 40
625 41
625 256
625 278
625 347
625 474
626 4
626 25
626 220
626 341
626 439
626 497
627 1
627 34
627 341
627 465
627 533
628 3
628 29
628 188
628 207
628 318
628 997
629 4
629 8
629 113
629 139
629 416
630 1
630 48
630 55
630 261
630 423
631 1
631 2
631 11
631 129
631 460
632 5
632 11
632 202
632 401
632 569
633 5
633 24
633 90
633 217
633 219
633 628
633 656
634 7
634 14
634 20
634 244
634 385
634 439
635 12
635 308
635 416
635 431
635 529
636 76
636 176
636 355
636 496
636 534
636 809
637 1
637 29
637 30
637 41
637 81
637 403
638 9
638 70
638 221
638 389
638 398
639 10
639 81
639 87
639 157
639 278
640 31
640 38
640 107
640 519
640 548
640 795
641 73
641 120
641 156
641 313
641 534
642 106
642 131
642 193
642 351
642 481
643 1
643 11
643 20
643 254
643 446
643 848
644 1
644 6
644 9
644 159
644 564
645 46
645 55
645 93
645 395
645 602
646 1
646 128
646 210
646 304
646 494
647 50
647 135
647 142
647 219
647 621
648 23
648 24
648 36
648 189
648 361
649 1
649 64
649 284
649 339
649 598
650 1
650 73
650 117
650 188
650 532
651 33
651 67
651 164
651 297
651 611
651 893
652 1
652 11
652 107
652 161
652 359
652 409
653 21
653 32
653 100
653 545
653 596
654 39
654 66
654 98
654 106
654 542
655 11
655 84
655 261
655 491
655 499
655 811
656 45
656 118
656 186
656 370
656 445
656 544
656 843
657 2
657 8
657 49
657 287
657 342
657 1001
658 23
658 32
658 111
658 272
658 506
658 849
658 878
659 3
659 5
659 81
659 131
659 150
660 21
660 42
660 94
660 395
660 423
660 463
660 610
660 913
661 7
661 17
661 27
661 296
661 642
661 884
662 202
662 332
662 470
662 515
662 644
663 11
663 21
663 79
663 222
663 421
664 14
664 62
664 146
664 151
664 195
665 13
665 37
665 163
665 260
665 616
666 90
666 131
666 177
666 436
666 531
667 70
667 353
667 389
667 391
667 581
668 103
668 117
668 146
668 431
668 442
668 877
669 1
669 21
669 101
669 360
669 423
669 470
670 22
670 47
670 57
670 108
670 331
671 1
671 179
671 208
671 403
671 492
672 4
672 72
672 94
672 519
673 23
673 32
673 61
673 434
673 642
674 2
674 87
674 159
674 470
674 517
674 652
675 8
675 178
675 198
675 223
675 450
676 8
676 18
676 81
676 249
676 321
677 123
677 220
677 267
677 325
677 629
677 980
678 9
678 24
678 102
678 297
678 322
678 662
679 7
679 18
679 137
679 332
679 381
679 636
680 23
680 24
680 113
680 245
680 519
681 11
681 21
681 296
681 346
681 501
681 528
682 299
682 426
682 589
682 622
682 653
683 44
683 49
683 69
683 134
683 548
683 803
683 863
684 24
684 32
684 34
684 299
685 40
685 120
685 124
685 218
685 305
686 9
686 239
686 358
686 395
686 404
686 420
687 108
687 285
687 318
687 372
687 618
688 16
688 38
688 46
688 100
688 479
689 19
689 32
689 61
689 94
689 260
689 677
690 6
690 57
690 103
690 147
690 529
691 2
691 3
691 104
691 615
691 622
692 16
692 62
692 92
692 466
692 596
693 1
693 21
693 174
693 321
693 673
694 13
694 55
694 84
694 188
694 548
695 1
695 23
695 439
695 594
695 639
696 11
696 52
696 62
696 400
696 511
697 20
697 49
697 129
697 134
697 520
698 61
698 69
698 76
698 116
698 309
698 395
699 75
699 262
699 303
699 449
699 672
700 2
700 14
700 60
700 103
700 110
701 7
701 141
701 209
701 235
701 304
702 60
702 106
702 216
702 363
702 479
703 11
703 106
703 119
703 621
703 699
703 938
704 6
704 128
704 190
704 227
704 440
705 48
705 165
705 287
705 548
705 583
705 609
706 20
706 24
706 283
706 507
706 626
707 208
707 232
707 486
707 506
707 701
708 25
708 61
708 139
708 208
708 255
708 979
709 22
709 129
709 222
709 284
709 516
709 530
710 21
710 66
710 215
710 268
710 278
710 669
710 796
711 1
711 14
711 134
711 197
711 354
712 7
712 19
712 179
712 213
712 1011
713 2
713 222
713 294
713 650
714 5
714 8
714 15
714 43
714 141
715 16
715 246
715 251
715 275
715 562
716 1
716 279
716 306
716 673
717 1
717 10
717 124
717 284
717 686
718 348
718 396
718 569
718 636
718 650
718 849
719 4
719 39
719 169
719 396
719 581
720 1
720 37
720 39
720 371
720 392
721 1
721 73
721 95
721 197
721 465
722 6
722 22
722 55
722 66
722 674
723 137
723 210
723 269
723 282
723 652
723 1018
724 108
724 176
724 373
724 447
724 463
725 1
725 337
725 562
725 687
725 699
725 926
726 1
726 7
726 282
726 373
726 416
726 585
727 19
727 76
727 296
727 451
727 665
728 1
728 19
728 21
728 225
728 532
728 939
729 1
729 9
729 13
729 52
729 558
729 636
730 1
730 32
730 47
730 178
730 268
731 59
731 479
731 543
731 552
731 571
732 65
732 323
732 406
732 649
732 689
733 54
733 503
733 623
733 685
733 690
733 987
734 42
734 48
734 57
734 282
734 478
735 16
735 87
735 416
735 418
735 543
735 662
736 5
736 7
736 13
736 50
736 569
737 24
737 34
737 103
737 595
737 732
738 1
738 12
738 15
738 122
739 4
739 167
739 269
739 335
739 462
740 32
740 41
740 76
740 208
740 386
741 19
741 22
741 139
741 398
741 716
742 76
742 171
742 433
742 544
742 604
742 677
743 39
743 81
743 556
743 582
743 605
743 624
743 984
744 1
744 2
744 14
744 533
744 618
745 150
745 183
745 414
745 551
745 741
746 46
746 163
746 376
746 519
746 648
747 47
747 151
747 292
747 481
747 588
747 894
747 1005
748 15
748 134
748 241
748 359
748 397
748 764
749 2
749 54
749 289
749 346
749 476
750 1
750 101
750 566
750 630
750 704
751 7
751 18
751 69
751 204
751 540
752 4
752 11
752 65
752 103
752 151
753 8
753 101
753 120
753 414
753 773
753 1014
754 31
754 50
754 101
754 127
754 415
754 688
755 12
755 38
755 134
755 254
755 418
756 33
756 277
756 281
756 293
756 320
756 694
757 1
757 24
757 69
757 128
757 660
758 128
758 174
758 320
758 418
758 548
759 9
759 69
759 73
759 263
759 308
760 1
760 3
760 69
760 130
760 743
760 883
761 12
761 155
761 170
761 586
762 24
762 42
762 50
762 141
762 440
762 834
763 1
763 23
763 194
763 237
763 522
763 754
764 81
764 101
764 266
764 276
764 387
765 3
765 128
765 201
765 255
765 549
766 35
766 46
766 289
766 318
766 319
767 71
767 72
767 255
767 636
767 646
767 953
768 1
768 204
768 319
768 483
768 638
768 811
769 31
769 65
769 354
769 509
769 755
770 22
770 176
770 230
770 417
770 449
771 134
771 178
771 405
771 618
771 709
772 7
772 81
772 363
772 621
772 731
773 7
773 81
773 530
773 720
773 764
774 70
774 120
774 225
774 253
774 623
775 1
775 14
775 47
775 194
775 643
776 1
776 103
776 246
776 374
776 426
776 511
777 34
777 101
777 180
777 206
777 659
778 39
778 94
778 141
778 391
778 709
779 49
779 84
779 142
779 212
779 471
780 30
780 65
780 117
780 188
780 412
780 778
781 4
781 24
781 57
781 64
781 340
781 1009
782 9
782 85
782 294
782 428
782 670
783 16
783 110
783 137
783 308
783 606
783 956
784 1
784 109
784 221
784 450
784 509
784 559
784 952
785 2
785 3
785 30
785 108
785 442
786 2
786 31
786 39
786 54
786 119
786 971
787 2
787 19
787 136
787 310
788 5
788 219
788 280
788 351
788 689
789 1
789 120
789 234
789 258
789 354
790 10
790 63
790 216
790 301
790 497
790 682
791 2
791 9
791 34
791 73
791 175
791 768
791 997
791 1004
792 6
792 193
792 224
792 247
792 404
793 19
793 470
793 526
793 703
793 716
794 56
794 193
794 282
794 521
794 551
795 24
795 110
795 143
795 165
795 254
796 1
796 29
796 376
796 449
796 761
797 1
797 29
797 170
797 479
797 734
797 894
798 43
798 128
798 219
798 327
798 438
798 781
799 24
799 61
799 100
799 150
799 361
799 923
800 9
800 10
800 653
800 677
800 755
801 108
801 418
801 498
801 650
801 690
801 694
801 735
802 122
802 128
802 274
802 280
802 389
803 58
803 90
803 118
803 178
803 260
803 960
804 135
804 215
804 342
804 354
804 578
805 2
805 11
805 29
805 198
805 613
806 31
806 47
806 141
806 283
806 649
806 672
806 998
807 1
807 6
807 76
807 577
807 699
807 795
808 1
808 7
808 87
808 292
808 630
809 64
809 128
809 135
809 214
809 249
809 1024
810 1
810 397
810 447
810 513
810 595
811 4
811 22
811 210
811 488
811 563
811 983
812 85
812 95
812 356
812 719
812 747
812 905
813 1
813 3
813 242
813 281
813 477
814 100
814 205
814 231
814 386
814 490
814 561
814 804
815 39
815 112
815 247
815 544
815 625
815 983
816 3
816 19
816 65
816 135
816 793
816 855
817 57
817 271
817 372
817 438
817 468
818 1
818 3
818 193
818 198
818 280
819 19
819 30
819 95
819 197
819 305
819 310
820 130
820 471
820 683
820 729
820 753
821 2
821 57
821 174
821 692
821 798
822 70
822 101
822 582
822 739
822 762
823 63
823 118
823 119
823 244
823 319
824 7
824 45
824 402
824 480
824 577
824 922
825 9
825 40
825 117
825 344
825 571
826 9
826 99
826 149
826 227
826 480
826 733
826 850
826 927
827 52
827 73
827 219
827 439
827 570
827 605
828 45
828 63
828 72
828 238
828 279
829 1
829 19
829 65
829 149
829 354
830 1
830 12
830 65
830 315
830 495
831 9
831 17
831 40
831 244
831 267
832 2
832 19
832 24
832 720
832 756
833 67
833 86
833 135
833 193
833 472
834 7
834 55
834 217
834 242
834 306
835 23
835 32
835 70
835 580
835 684
835 905
836 3
836 13
836 18
836 363
836 411
837 9
837 40
837 212
837 419
837 829
838 11
838 138
838 154
838 211
838 592
838 642
838 790
839 14
839 23
839 204
839 360
839 506
840 7
840 178
840 335
840 399
840 471
841 87
841 341
841 345
841 396
841 679
841 696
842 21
842 70
842 79
842 220
842 699
843 51
843 273
843 353
843 452
843 818
844 1
844 63
844 141
844 212
844 279
844 771
845 15
845 61
845 223
845 237
845 684
845 734
845 887
846 19
846 85
846 198
846 244
846 784
846 926
846 984
847 1
847 370
847 403
847 652
847 692
847 808
848 15
848 133
848 162
848 276
848 328
848 871
849 54
849 62
849 85
849 154
849 189
850 1
850 56
850 417
850 430
850 557
850 583
851 1
851 171
851 213
851 387
851 580
852 6
852 19
852 42
852 92
852 258
853 252
853 411
853 453
853 590
853 620
854 58
854 631
854 730
854 765
854 800
854 804
855 6
855 22
855 269
855 612
855 839
856 11
856 255
856 289
856 681
856 819
857 1
857 61
857 119
857 436
857 518
857 981
858 33
858 92
858 335
858 378
858 427
858 762
859 3
859 51
859 216
859 419
859 485
860 84
860 272
860 290
860 615
860 617
860 819
860 1018
861 2
861 95
861 371
861 730
861 737
861 844
862 7
862 154
862 188
862 206
862 685
862 855
863 59
863 77
863 274
863 305
863 413
864 1
864 45
864 135
864 683
864 790
864 827
864 852
865 234
865 263
865 421
865 444
865 502
865 916
866 153
866 294
866 689
866 745
866 791
867 193
867 211
867 387
867 541
867 559
867 784
868 221
868 235
868 271
868 675
868 813
869 66
869 128
869 215
869 407
869 411
869 987
870 13
870 20
870 119
870 166
870 179
870 411
870 609
871 37
871 141
871 170
871 389
871 625
871 645
872 1
872 248
872 653
872 718
872 814
872 855
873 279
873 325
873 580
873 588
873 776
874 1
874 354
874 403
874 442
874 923
875 356
875 391
875 629
875 640
875 847
875 848
875 1007
876 30
876 69
876 222
876 343
876 395
876 642
877 8
877 99
877 378
877 383
877 601
877 639
877 827
878 22
878 305
878 459
878 685
878 847
879 17
879 124
879 744
879 759
879 818
880 1
880 18
880 343
880 435
880 653
881 7
881 11
881 21
881 63
881 375
882 153
882 305
882 400
882 454
882 546
883 83
883 94
883 499
883 629
883 833
883 836
884 2
884 88
884 139
884 291
884 323
885 45
885 62
885 231
885 410
885 734
885 813
886 24
886 116
886 219
886 385
886 854
887 31
887 74
887 191
887 668
887 788
888 19
888 62
888 356
888 381
888 680
888 913
889 1
889 20
889 497
889 644
889 751
889 987
890 24
890 62
890 203
890 212
890 284
891 11
891 112
891 142
891 296
891 704
892 1
892 2
892 46
892 78
892 474
892 825
893 2
893 6
893 319
893 449
893 456
894 24
894 29
894 37
894 129
894 319
894 383
894 893
895 194
895 251
895 540
895 723
895 774
896 2
896 77
896 138
896 198
896 363
897 23
897 70
897 77
897 119
897 414
898 5
898 193
898 307
898 410
898 861
899 1
899 417
899 800
899 858
899 890
900 4
900 12
900 51
900 63
900 76
900 931
901 1
901 26
901 46
901 197
901 757
901 931
902 19
902 67
902 87
902 95
902 305
902 622
903 81
903 234
903 396
903 712
903 843
904 1
904 32
904 103
904 370
904 784
904 893
904 1001
905 1
905 22
905 400
905 521
905 600
906 4
906 5
906 6
906 298
906 338
907 2
907 9
907 429
907 493
907 525
907 906
908 13
908 45
908 324
908 816
908 823
909 1
909 75
909 147
909 203
909 652
909 678
909 717
910 14
910 16
910 236
910 489
910 902
911 3
911 158
911 171
911 190
911 718
912 2
912 108
912 119
912 511
912 605
912 763
913 84
913 218
913 359
913 439
913 484
914 2
914 49
914 61
914 91
914 833
914 967
915 34
915 48
915 205
915 207
915 235
915 613
916 1
916 134
916 355
916 402
916 677
917 9
917 61
917 452
917 513
917 866
918 9
918 124
918 132
918 376
918 441
918 550
918 917
919 38
919 51
919 61
919 245
919 444
920 6
920 66
920 140
920 675
920 908
920 1004
921 1
921 274
921 349
921 468
921 751
921 912
922 122
922 244
922 374
922 480
922 795
922 812
922 1003
923 1
923 13
923 297
923 315
923 909
923 1001
924 63
924 66
924 340
924 420
924 889
925 12
925 31
925 62
925 467
925 899
926 89
926 258
926 325
926 361
926 755
927 2
927 10
927 215
927 220
927 345
928 63
928 149
928 247
928 584
928 643
928 715
929 2
929 99
929 123
929 142
929 526
930 11
930 67
930 479
930 496
930 542
930 756
931 45
931 161
931 400
931 784
931 868
932 10
932 44
932 66
932 83
932 514
932 896
933 18
933 99
933 103
933 338
933 395
934 92
934 278
934 319
934 759
934 882
935 10
935 106
935 235
935 456
935 497
936 21
936 113
936 136
936 419
936 530
936 754
937 9
937 272
937 395
937 435
937 569
938 8
938 18
938 170
938 596
938 779
938 939
939 30
939 70
939 120
939 449
939 471
939 717
940 7
940 61
940 145
940 424
940 806
941 8
941 14
941 75
941 244
941 746
942 55
942 84
942 246
942 480
942 658
943 61
943 97
943 194
943 416
943 549
944 22
944 24
944 63
944 250
944 683
944 714
945 1
945 65
945 125
945 816
945 858
945 885
945 991
945 994
946 1
946 192
946 484
946 816
947 138
947 440
947 503
947 660
947 700
948 274
948 388
948 642
948 661
948 843
949 11
949 74
949 87
949 274
949 391
949 731
950 14
950 19
950 58
950 157
950 201
951 210
951 252
951 344
951 473
951 864
952 120
952 511
952 523
952 736
952 759
953 5
953 19
953 23
953 841
953 861
954 171
954 216
954 342
954 685
954 700
954 817
955 48
955 63
955 68
955 203
955 516
955 726
955 927
956 2
956 80
956 117
956 352
956 598
957 1
957 8
957 85
957 232
957 636
957 838
958 12
958 363
958 371
958 503
958 899
959 387
959 547
959 564
959 589
959 711
960 18
960 68
960 74
960 130
960 848
961 65
961 204
961 398
961 403
961 438
962 81
962 381
962 602
962 668
962 786
962 902
963 6
963 8
963 27
963 293
963 949
964 18
964 63
964 193
964 207
964 465
965 1
965 106
965 457
965 538
965 557
965 977
966 513
966 670
966 696
966 711
966 789
967 46
967 201
967 283
967 642
967 953
968 50
968 65
968 208
968 534
968 817
969 12
969 172
969 248
969 256
969 572
969 611
970 1
970 62
970 246
970 459
970 546
971 24
971 170
971 179
971 416
971 653
971 662
972 1
972 34
972 213
972 390
972 948
973 23
973 49
973 280
973 363
973 547
974 130
974 171
974 182
974 838
974 889
974 987
975 32
975 75
975 372
975 396
975 753
976 62
976 107
976 179
976 336
976 686
977 9
977 15
977 22
977 284
977 944
978 21
978 165
978 580
978 641
978 941
979 1
979 313
979 324
979 363
979 498
980 20
980 142
980 234
980 281
980 906
981 1
981 222
981 246
981 334
981 684
982 76
982 325
982 343
982 652
982 858
982 887
982 994
983 40
983 188
983 406
983 779
983 856
984 84
984 212
984 337
984 687
984 736
984 893
985 14
985 742
985 745
985 886
985 960
986 1
986 21
986 319
986 402
986 719
987 1
987 4
987 260
987 350
987 962
988 140
988 307
988 524
988 823
988 910
989 8
989 26
989 207
989 242
989 577
990 19
990 20
990 52
990 148
990 814
990 923
991 34
991 38
991 349
991 822
991 933
992 1
992 19
992 55
992 840
992 900
993 24
993 146
993 385
993 533
993 858
994 65
994 134
994 162
994 352
994 840
995 24
995 82
995 141
995 185
995 866
996 70
996 227
996 366
996 370
996 986
997 149
997 278
997 423
997 711
997 778
997 994
998 215
998 331
998 385
998 435
998 702
998 881
999 61
999 349
999 402
999 479
999 838
1000 6
1000 199
1000 611
1000 761
1000 920
1001 1
1001 354
1001 519
1001 639
1002 11
1002 36
1002 439
1002 762
1002 944
1003 1
1003 37
1003 156
1003 659
1003 684
1004 121
1004 207
1004 341
1004 428
1004 501
1005 102
1005 110
1005 118
1005 740
1005 786
1006 1
1006 2
1006 3
1006 197
1006 668
1007 30
1007 195
1007 279
1007 287
1007 311
1008 22
1008 54
1008 262
1008 482
1008 770
1009 129
1009 178
1009 391
1009 508
1009 556
1010 7
1010 45
1010 462
1010 472
1010 891
1011 77
1011 207
1011 219
1011 287
1011 552
1012 18
1012 23
1012 152
1012 858
1012 992
1013 126
1013 198
1013 312
1013 654
1013 710
1013 907
1014 106
1014 142
1014 261
1014 284
1014 889
1015 19
1015 47
1015 64
1015 185
1015 489
1015 713
1016 164
1016 174
1016 199
1016 247
1016 745
1017 31
1017 265
1017 494
1017 699
1017 921
1018 301
1018 378
1018 703
1018 850
1018 852
1019 27
1019 217
1019 455
1019 460
1019 484
1019 536
1020 642
1020 645
1020 670
1020 783
1020 825
1020 894
1020 924
1020 983
1021 84
1021 211
1021 426
1021 799
1021 894
1021 898
1022 77
1022 99
1022 255
1022 596
1022 794
1023 148
1023 181
1023 575
1023 818
1023 867
1024 7
1024 34
1024 65
1024 92
1024 248
