2 1
3 1
3 2
3 162
3 983
4 1
4 2
4 3
5 1
5 2
5 3
5 551
6 1
6 2
6 3
6 4
7 1
7 4
7 665
7 876
8 1
8 3
8 4
8 5
8 34
9 4
9 5
9 6
9 7
10 1
10 6
10 511
11 1
11 3
11 5
11 396
12 1
12 5
12 6
12 9
13 1
13 7
13 10
13 12
13 401
14 1
14 5
14 6
14 10
15 1
15 3
15 4
15 6
15 959
16 1
16 8
16 10
16 13
17 1
17 2
17 13
17 14
17 250
18 1
18 16
18 893
19 1
19 4
19 5
19 17
19 819
20 1
20 3
20 5
20 10
20 546
21 1
21 3
21 4
21 7
21 11
21 1011
22 1
22 13
22 17
22 21
22 700
23 1
23 3
23 78
23 271
24 3
24 5
24 16
24 19
24 23
24 542
25 4
25 8
25 12
25 13
25 19
25 798
26 1
26 3
26 12
26 16
26 23
27 1
27 4
27 5
27 8
27 17
28 1
28 7
28 14
28 25
28 26
29 4
29 7
29 9
29 14
29 28
30 1
30 9
30 16
30 392
30 581
30 986
30 1017
31 2
31 7
31 9
31 27
31 28
32 1
32 3
32 8
32 10
32 468
33 1
33 2
33 3
33 18
34 1
34 7
34 13
34 18
34 22
35 3
35 6
35 7
35 30
35 1005
36 5
36 16
36 18
36 19
36 35
37 1
37 3
37 5
37 6
37 15
38 1
38 4
38 5
38 7
38 19
39 1
39 2
39 5
39 17
40 1
40 7
40 10
40 15
40 19
40 254
41 1
41 4
41 14
41 25
41 31
42 1
42 4
42 6
42 31
42 606
43 1
43 3
43 24
43 29
43 322
43 442
43 480
44 1
44 9
44 12
44 25
45 1
45 8
45 10
45 28
46 3
46 6
46 7
46 21
46 23
47 1
47 8
47 12
47 22
47 25
48 1
48 9
48 13
48 26
48 44
49 1
49 13
49 26
49 40
50 3
50 4
50 7
50 29
51 4
51 9
51 16
51 24
51 33
52 5
52 13
52 34
52 38
52 42
52 262
53 3
53 7
53 12
53 35
53 44
54 5
54 12
54 21
54 30
54 42
55 2
55 12
55 15
55 21
55 27
55 711
56 1
56 9
56 51
56 54
57 18
57 23
57 28
57 31
57 46
58 3
58 12
58 17
58 33
58 44
58 48
58 487
58 855
59 1
59 4
59 8
59 20
59 46
60 1
60 4
60 6
60 12
60 39
60 168
60 587
61 1
61 2
61 4
61 9
61 59
62 1
62 3
62 4
62 16
62 44
63 1
63 7
63 39
63 60
64 6
64 12
64 15
64 19
64 57
64 936
65 1
65 21
65 39
65 47
65 48
66 1
66 10
66 11
66 25
66 38
67 5
67 9
67 13
67 19
67 63
68 1
68 3
68 57
69 1
69 5
69 19
70 7
70 8
70 10
70 31
70 69
71 3
71 14
71 21
71 37
71 38
71 619
72 5
72 10
72 27
72 37
72 40
72 245
72 278
72 387
72 573
73 7
73 20
73 28
73 46
73 72
74 1
74 2
74 3
74 7
74 13
75 1
75 2
75 11
75 45
75 72
75 451
76 1
76 17
76 32
76 42
76 48
77 7
77 38
77 42
77 53
77 58
78 1
78 21
78 38
78 58
79 1
79 6
79 26
79 68
79 69
80 13
80 14
80 23
80 51
80 78
80 489
81 1
81 2
81 51
82 6
82 20
82 49
82 64
82 67
83 1
83 4
83 37
83 42
83 429
84 9
84 15
84 35
84 38
84 729
85 4
85 7
85 11
85 14
85 59
86 1
86 4
86 16
86 44
86 59
86 318
87 2
87 6
87 12
87 13
87 24
88 1
88 2
88 9
88 30
88 183
89 4
89 13
89 20
89 29
89 75
90 9
90 32
90 63
90 64
91 3
91 5
91 17
91 28
91 60
91 97
91 276
92 4
92 9
92 25
92 43
92 79
93 1
93 4
93 64
93 76
94 1
94 9
94 58
94 72
94 82
95 1
95 7
95 18
95 54
95 86
95 748
96 1
96 42
96 53
96 61
96 76
96 135
96 513
96 692
97 1
97 30
97 64
98 22
98 24
98 66
98 85
98 94
99 1
99 4
99 14
99 42
99 56
99 355
100 1
100 12
100 14
100 46
100 93
100 444
101 1
101 3
101 81
101 98
101 100
101 571
102 13
102 16
102 47
102 68
102 80
103 3
103 14
103 59
103 61
103 75
104 14
104 18
104 36
104 64
104 75
105 3
105 64
105 69
105 86
105 91
105 278
106 1
106 2
106 31
106 32
106 68
107 39
107 48
107 55
107 59
107 103
108 6
108 18
108 62
108 69
108 82
109 9
109 13
109 52
109 100
109 104
110 1
110 6
110 22
110 46
110 65
111 3
111 45
111 57
111 78
111 108
112 2
112 25
112 26
112 40
112 66
113 12
113 13
113 16
113 25
113 104
113 523
114 16
114 41
114 64
114 81
115 1
115 12
115 63
116 1
116 12
116 16
116 32
116 107
116 259
116 335
117 31
117 42
117 46
117 48
117 75
117 729
117 900
118 12
118 46
118 52
118 74
118 86
118 576
119 4
119 19
119 22
119 69
119 111
120 6
120 37
120 74
120 90
121 1
121 7
121 15
121 46
121 76
122 19
122 21
122 34
122 89
122 96
122 831
123 1
123 13
123 74
123 81
123 103
124 7
124 22
124 58
124 73
124 114
124 577
125 6
125 7
125 36
125 55
125 78
125 498
126 1
126 6
126 103
126 912
127 5
127 32
127 46
127 48
127 64
128 4
128 9
128 18
128 56
128 112
128 513
128 679
128 730
129 12
129 19
129 26
129 61
129 116
129 731
130 1
130 14
130 28
130 64
130 65
130 713
131 7
131 16
131 33
131 99
131 114
132 1
132 7
132 74
132 75
133 9
133 25
133 35
133 42
133 66
134 1
134 18
134 79
134 104
134 245
134 581
135 1
135 2
135 14
135 51
135 99
135 271
136 3
136 20
136 96
136 101
136 891
136 991
137 38
137 87
137 98
137 120
137 123
137 609
138 1
138 39
138 46
138 55
138 237
139 28
139 61
139 65
139 79
140 3
140 10
140 16
140 24
140 25
140 415
140 889
141 2
141 5
141 18
141 73
142 5
142 9
142 14
142 25
142 69
142 915
143 25
143 42
143 83
143 100
143 115
144 7
144 14
144 37
144 84
145 8
145 24
145 46
145 53
145 134
146 4
146 76
146 123
146 129
146 211
147 8
147 18
147 39
147 76
147 116
148 10
148 15
148 21
148 68
148 115
149 13
149 18
149 113
149 127
149 135
149 901
150 2
150 13
150 25
150 32
150 127
151 2
151 6
151 62
151 85
151 98
151 756
151 986
152 1
152 5
152 46
152 130
152 137
152 199
153 11
153 26
153 55
153 71
153 127
154 1
154 33
154 72
154 81
155 24
155 25
155 69
155 74
155 114
156 9
156 44
156 84
156 105
156 106
157 7
157 14
157 39
157 47
157 49
157 639
157 821
157 991
158 27
158 38
158 75
158 123
158 143
159 2
159 13
159 18
159 38
159 56
160 7
160 26
160 35
160 46
160 77
160 587
160 778
161 1
161 3
161 54
161 120
162 15
162 20
162 61
162 70
162 76
162 115
163 1
163 7
163 14
163 26
164 3
164 4
164 9
164 81
164 89
165 5
165 18
165 27
165 55
165 131
166 1
166 2
166 19
166 77
166 99
167 13
167 46
167 78
167 80
167 118
168 3
168 16
168 22
168 39
168 82
168 732
169 4
169 20
169 166
170 1
170 4
170 19
170 74
170 76
171 4
171 26
171 40
171 43
171 113
171 664
172 4
172 6
172 12
172 17
172 20
173 1
173 2
173 6
173 15
173 69
174 7
174 9
174 57
174 73
174 102
175 1
175 14
175 30
175 55
175 144
176 26
176 28
176 42
176 100
176 172
176 419
177 1
177 3
177 42
177 64
177 75
178 34
178 68
178 100
178 130
178 153
178 400
179 14
179 50
179 58
179 106
179 165
179 745
179 946
180 1
180 38
180 91
180 147
180 172
180 757
181 48
181 92
181 118
181 131
181 157
182 3
182 14
182 64
182 69
182 128
182 405
182 1009
183 1
183 32
183 87
183 154
183 158
183 879
184 5
184 50
184 57
184 130
184 161
185 5
185 44
185 87
185 100
185 110
186 7
186 25
186 26
186 57
186 77
187 1
187 46
187 53
187 178
187 800
188 1
188 4
188 7
188 9
188 14
188 342
189 1
189 10
189 22
189 59
189 187
190 1
190 3
190 26
190 58
190 85
191 1
191 57
191 81
191 120
191 146
191 628
191 992
192 1
192 4
192 42
192 46
192 83
192 929
193 21
193 23
193 53
193 79
193 155
194 3
194 16
194 31
194 32
194 152
195 1
195 18
195 119
195 141
195 186
196 2
196 12
196 75
196 108
196 150
197 1
197 4
197 9
197 99
197 173
197 434
198 18
198 21
198 46
198 99
198 116
198 618
198 976
199 1
199 4
199 13
199 54
199 173
200 1
200 26
200 48
200 64
200 102
200 499
200 942
201 67
201 83
201 86
201 166
201 175
202 1
202 2
202 19
202 51
202 162
202 572
203 26
203 45
203 62
203 74
203 160
204 4
204 15
204 16
204 24
204 59
204 580
205 3
205 4
205 16
205 22
205 102
205 1017
206 4
206 34
206 63
206 100
206 110
206 898
206 922
207 15
207 61
207 98
207 118
207 192
208 4
208 36
208 78
208 92
208 110
209 6
209 9
209 79
209 123
209 142
209 360
210 2
210 9
210 48
210 76
210 169
211 33
211 34
211 66
211 82
211 89
211 333
211 840
212 1
212 18
212 68
212 151
213 2
213 3
213 5
213 19
213 69
213 149
214 5
214 42
214 102
214 137
215 2
215 7
215 26
215 103
216 1
216 3
216 10
216 11
216 27
217 10
217 17
217 36
217 46
217 72
218 14
218 17
218 93
218 164
218 196
219 1
219 2
219 4
219 112
219 216
219 402
220 6
220 25
220 145
220 147
220 166
221 13
221 32
221 134
221 190
221 192
221 852
222 16
222 20
222 43
222 127
222 141
223 1
223 55
223 68
223 172
223 199
224 2
224 16
224 79
224 121
224 135
225 3
225 10
225 20
225 64
225 147
226 6
226 16
226 27
226 53
226 146
226 218
227 3
227 8
227 51
227 68
227 103
227 326
228 2
228 26
228 36
229 13
229 82
229 131
229 192
229 219
229 841
230 4
230 16
230 81
230 180
231 7
231 9
231 27
231 98
231 154
232 62
232 67
232 130
232 143
232 163
232 841
232 865
233 10
233 105
233 134
233 175
233 198
234 1
234 3
234 13
234 14
235 14
235 32
235 56
235 105
235 112
236 63
236 66
236 102
236 123
236 218
237 1
237 2
237 40
237 44
237 213
238 12
238 38
238 64
238 105
238 136
238 883
238 969
239 1
239 44
239 55
239 123
239 772
240 1
240 4
240 125
240 219
240 224
240 799
241 55
241 65
241 130
241 133
241 152
241 1002
242 10
242 12
242 31
242 56
242 207
242 1015
243 4
243 21
243 76
243 83
243 93
244 14
244 29
244 58
244 82
244 86
245 2
245 25
245 46
245 115
246 8
246 20
246 25
246 69
246 74
246 397
247 11
247 31
247 86
247 134
247 138
247 807
248 33
248 46
248 68
248 196
248 218
249 7
249 37
249 93
249 105
249 194
249 514
249 905
250 8
250 9
250 116
250 144
250 217
251 1
251 2
251 42
251 104
251 246
251 713
252 3
252 79
252 147
252 150
252 207
252 227
253 1
253 2
253 27
253 127
253 167
254 1
254 4
254 69
254 108
254 196
254 360
255 1
255 13
255 56
255 63
255 82
255 386
256 4
256 21
256 112
256 114
256 226
256 591
257 1
257 16
257 33
257 136
257 175
258 13
258 16
258 20
258 34
258 244
259 4
259 82
259 136
259 145
259 257
260 3
260 5
260 89
260 137
260 162
261 1
261 25
261 39
261 73
261 205
262 3
262 9
262 108
262 113
262 226
263 5
263 19
263 21
263 53
263 123
264 1
264 19
264 32
264 59
264 161
265 1
265 2
265 31
265 93
265 211
265 647
266 1
266 7
266 14
266 19
266 66
266 613
266 994
267 1
267 91
267 95
267 239
267 259
268 35
268 36
268 60
268 185
268 197
268 583
269 1
269 9
269 81
269 96
269 233
269 825
270 13
270 131
270 137
270 148
270 150
271 6
271 9
271 130
271 157
271 195
271 238
272 1
272 25
272 34
272 222
272 261
272 267
272 342
273 46
273 114
273 135
273 218
273 233
274 1
274 9
274 46
274 213
274 272
274 787
274 941
275 1
275 25
275 58
275 111
275 143
276 3
276 73
276 86
276 135
276 164
276 872
277 32
277 35
277 46
277 256
277 261
278 1
278 4
278 51
278 135
278 248
279 1
279 29
279 72
279 180
279 217
280 14
280 19
280 26
280 212
280 255
281 1
281 3
281 57
281 68
281 220
281 514
282 7
282 66
282 89
282 164
282 233
283 1
283 4
283 10
283 181
284 3
284 13
284 127
284 160
284 175
284 759
285 5
285 74
285 86
285 151
285 226
286 1
286 26
286 49
286 125
286 166
286 512
287 3
287 4
287 50
287 85
287 217
288 22
288 45
288 107
288 120
288 252
289 1
289 3
289 34
289 58
289 134
290 22
290 112
290 116
290 218
290 232
290 539
291 36
291 66
291 85
291 153
291 253
292 1
292 14
292 50
292 242
292 247
293 29
293 61
293 165
293 204
293 212
294 1
294 5
294 14
294 86
295 4
295 10
295 27
295 63
295 140
296 1
296 9
296 102
296 123
296 198
297 2
297 13
297 16
297 19
297 106
298 3
298 137
298 144
298 147
298 264
298 461
298 687
299 3
299 10
299 43
299 130
300 5
300 103
300 113
300 163
300 236
300 620
301 1
301 14
301 26
301 64
301 166
302 24
302 76
302 121
302 230
302 249
303 56
303 74
303 76
303 104
303 251
304 1
304 29
304 36
304 61
304 72
304 148
305 44
305 76
305 105
305 248
305 291
306 1
306 87
306 90
306 175
306 301
306 879
307 19
307 40
307 109
307 135
307 274
307 711
308 73
308 79
308 136
308 143
308 175
309 16
309 26
309 27
309 64
309 141
310 4
310 7
310 62
310 162
310 229
311 1
311 3
311 130
311 165
311 307
312 4
312 44
312 45
312 227
312 243
312 282
313 9
313 15
313 88
313 105
313 258
313 717
314 1
314 104
314 137
315 1
315 5
315 26
315 190
315 775
316 10
316 16
316 75
316 112
316 271
317 1
317 102
317 123
317 297
317 299
317 940
318 4
318 7
318 115
318 150
318 167
319 46
319 63
319 148
319 174
319 267
320 1
320 2
320 18
320 36
320 62
320 188
320 492
321 7
321 15
321 21
321 26
321 46
321 651
322 5
322 10
322 12
322 58
322 241
322 467
323 1
323 38
323 46
323 96
323 163
324 1
324 5
324 22
324 28
324 86
324 739
325 1
325 24
325 33
325 62
325 185
325 675
326 17
326 77
326 211
326 220
326 291
326 801
327 1
327 3
327 15
327 104
328 33
328 38
328 96
328 196
328 221
328 962
329 1
329 25
329 32
329 132
329 236
329 722
330 1
330 52
330 69
330 226
330 258
331 1
331 3
331 4
331 74
331 154
331 655
332 26
332 33
332 53
332 77
332 211
332 594
333 16
333 25
333 45
333 111
333 150
333 470
334 82
334 96
334 98
334 116
334 130
335 1
335 39
335 57
335 82
335 255
335 586
335 761
336 19
336 32
336 82
336 174
336 247
336 897
337 40
337 100
337 105
337 203
337 244
338 9
338 95
338 97
338 110
338 154
339 69
339 75
339 183
339 214
339 297
340 1
340 92
340 118
340 130
340 137
340 182
341 24
341 178
341 179
341 285
341 317
342 16
342 33
342 52
342 59
342 157
343 2
343 12
343 20
343 129
343 231
344 5
344 46
344 63
344 290
344 320
345 108
345 254
345 333
345 337
345 342
345 818
346 2
346 13
346 27
346 140
346 245
347 12
347 50
347 63
347 114
347 127
348 1
348 13
348 19
348 249
348 547
349 26
349 28
349 93
349 266
349 324
350 9
350 10
350 49
350 55
350 181
351 3
351 6
351 48
351 70
351 251
352 20
352 79
352 160
352 998
353 10
353 14
353 31
353 108
353 285
353 837
353 918
354 25
354 26
354 190
354 230
354 244
355 1
355 14
355 46
355 264
355 318
356 5
356 61
356 72
356 85
356 123
357 6
357 9
357 40
357 135
357 198
358 1
358 28
358 130
358 317
358 457
359 44
359 45
359 121
359 135
359 326
359 680
360 22
360 56
360 235
360 261
360 301
361 19
361 44
361 138
361 143
361 217
362 143
362 144
362 316
362 327
362 355
363 104
363 304
363 334
363 337
363 340
364 1
364 22
364 112
364 123
364 190
365 3
365 4
365 79
365 115
365 186
366 3
366 139
366 247
366 254
366 308
366 750
367 3
367 92
367 114
367 144
367 226
367 932
368 2
368 12
368 25
368 114
368 141
369 55
369 109
369 125
369 136
369 161
369 200
370 59
370 91
370 147
370 193
370 198
371 29
371 31
371 144
371 190
371 352
372 4
372 25
372 49
372 66
372 278
372 338
372 344
373 49
373 79
373 191
373 254
374 18
374 83
374 110
374 243
374 298
375 1
375 10
375 116
375 147
375 895
376 3
376 19
376 38
376 199
376 374
377 3
377 5
377 51
377 118
377 369
378 25
378 182
378 212
378 306
378 355
378 460
379 1
379 19
379 104
379 297
379 1019
380 1
380 186
380 231
380 264
380 320
381 1
381 2
381 4
381 6
381 157
382 20
382 22
382 49
382 78
382 340
383 6
383 31
383 46
383 61
383 70
383 572
383 807
384 1
384 203
384 212
384 219
384 234
384 280
385 6
385 67
385 100
385 131
385 324
386 11
386 66
386 85
386 332
386 376
387 1
387 203
387 216
387 220
387 275
387 703
388 13
388 23
388 209
388 216
389 48
389 53
389 79
389 264
389 287
390 25
390 66
390 82
390 288
390 313
391 33
391 42
391 98
391 99
391 147
391 1006
392 1
392 5
392 23
392 58
392 285
393 125
393 245
393 369
393 370
393 373
394 5
394 10
394 44
394 56
394 293
395 13
395 15
395 107
395 136
395 339
395 559
395 992
396 24
396 76
396 118
396 137
396 319
397 113
397 117
397 278
397 310
397 378
398 54
398 76
398 225
398 279
398 315
398 347
398 439
399 9
399 11
399 85
399 127
399 369
399 1005
400 1
400 68
400 247
400 385
400 387
401 9
401 19
401 84
401 132
401 252
402 1
402 14
402 114
402 231
402 252
403 2
403 10
403 24
403 161
403 213
404 19
404 48
404 91
404 93
404 112
404 525
405 1
405 50
405 127
405 199
405 211
406 31
406 51
406 153
406 173
406 377
406 753
407 12
407 28
407 38
407 46
407 189
408 4
408 25
408 130
408 178
408 224
409 5
409 8
409 102
409 105
409 196
409 282
409 909
410 2
410 160
410 293
410 305
410 373
411 7
411 25
411 37
411 58
411 260
412 31
412 57
412 146
412 154
412 366
412 884
413 86
413 157
413 174
413 320
413 334
414 10
414 115
414 134
414 221
414 271
414 739
415 4
415 213
415 260
415 387
415 388
415 413
416 116
416 276
416 285
416 301
416 348
417 2
417 6
417 31
417 267
417 364
418 1
418 31
418 100
418 259
418 355
419 1
419 17
419 69
419 168
420 32
420 75
420 161
420 199
420 230
420 311
420 582
421 3
421 16
421 29
421 107
421 233
422 1
422 155
422 353
422 379
422 404
422 921
423 25
423 38
423 163
423 212
423 404
424 1
424 76
424 146
424 243
424 316
424 1016
425 1
425 25
425 250
425 341
425 401
425 629
426 18
426 32
426 54
426 84
426 225
427 6
427 9
427 14
427 21
427 199
428 12
428 170
428 308
428 340
428 399
429 1
429 3
429 9
429 38
429 104
429 899
430 13
430 85
430 126
430 320
430 373
430 964
431 1
431 35
431 38
431 93
431 428
432 32
432 81
432 96
432 213
432 354
432 893
433 4
433 11
433 43
433 119
433 126
434 1
434 258
434 406
434 726
435 49
435 120
435 125
435 389
435 423
436 4
436 6
436 100
436 182
436 209
437 2
437 29
437 35
437 38
437 323
438 40
438 196
438 310
438 337
438 376
438 879
439 2
439 87
439 283
439 300
439 406
439 933
440 10
440 226
440 346
440 364
440 413
440 834
441 67
441 92
441 173
441 232
441 378
442 1
442 4
442 7
442 45
442 65
442 758
442 999
443 7
443 63
443 67
443 74
443 401
444 1
444 44
444 51
444 310
444 389
445 4
445 55
445 174
445 344
445 362
446 86
446 115
446 311
446 327
446 443
446 987
446 1005
447 14
447 46
447 114
447 358
447 401
448 24
448 41
448 99
448 348
448 412
449 17
449 114
449 136
449 278
449 665
449 743
450 10
450 96
450 173
450 324
450 334
451 1
451 16
451 283
451 336
451 337
452 2
452 49
452 283
452 331
453 52
453 76
453 83
453 192
453 366
453 812
454 32
454 90
454 149
454 247
454 445
455 2
455 74
455 94
455 268
455 295
456 1
456 135
456 142
456 144
457 11
457 72
457 77
457 381
457 451
457 630
458 9
458 110
458 162
458 305
458 387
459 6
459 46
459 105
459 161
459 345
460 190
460 193
460 269
460 425
460 430
461 7
461 9
461 27
461 75
461 252
461 807
462 23
462 61
462 198
462 258
462 389
463 4
463 6
463 48
463 103
463 127
464 12
464 40
464 325
464 416
464 425
465 3
465 21
465 71
465 164
465 287
465 666
466 25
466 36
466 212
466 243
467 1
467 72
467 127
467 252
467 363
468 2
468 4
468 53
468 120
468 161
468 675
469 1
469 46
469 67
469 69
469 346
470 84
470 211
470 273
470 274
470 326
471 7
471 26
471 156
471 264
471 418
472 22
472 76
472 83
472 130
472 302
472 328
473 6
473 57
473 186
473 206
473 220
474 9
474 45
474 54
474 97
474 320
475 15
475 16
475 38
475 87
475 271
475 642
476 10
476 21
476 25
476 212
476 219
477 1
477 16
477 143
477 157
477 290
477 335
478 100
478 102
478 232
478 259
478 393
478 401
479 1
479 43
479 115
479 176
479 364
479 382
480 3
480 15
480 51
480 443
480 461
481 56
481 76
481 116
481 132
481 238
482 100
482 136
482 160
482 260
482 371
483 11
483 14
483 127
483 266
483 455
483 790
484 14
484 34
484 40
484 160
484 454
484 752
485 2
485 25
485 119
485 126
485 233
485 380
486 4
486 58
486 331
486 366
486 424
487 18
487 26
487 189
487 294
487 363
488 4
488 25
488 34
488 122
488 190
488 304
489 19
489 49
489 274
489 378
489 411
490 34
490 47
490 71
490 76
490 317
491 1
491 50
491 118
491 227
492 1
492 51
492 246
492 284
492 413
493 3
493 7
493 12
493 31
493 288
494 5
494 14
494 59
494 151
494 463
495 24
495 160
495 214
495 384
495 388
496 39
496 134
496 223
496 463
497 3
497 128
497 131
497 154
497 319
498 1
498 40
498 331
498 344
498 395
499 3
499 24
499 34
499 130
499 399
500 33
500 109
500 143
500 147
500 260
501 30
501 77
501 185
501 325
501 358
502 1
502 142
502 203
502 320
502 322
503 10
503 216
503 354
503 378
503 405
504 6
504 33
504 63
504 68
504 103
505 82
505 155
505 355
505 416
505 450
505 471
506 58
506 139
506 283
506 314
506 370
507 1
507 38
507 73
507 244
507 488
508 4
508 46
508 116
508 249
508 466
509 2
509 50
509 70
509 130
509 147
510 46
510 60
510 198
510 305
510 397
511 23
511 38
511 237
511 431
511 496
512 1
512 5
512 22
512 168
512 438
513 42
513 49
513 60
513 92
513 406
513 568
514 84
514 85
514 86
514 160
514 381
515 14
515 91
515 130
515 343
515 364
516 78
516 161
516 227
516 252
516 368
517 1
517 10
517 82
517 453
518 4
518 7
518 22
518 56
518 99
518 439
518 787
519 1
519 22
519 81
519 240
519 250
519 756
520 1
520 8
520 65
520 76
520 197
521 28
521 47
521 78
521 275
521 305
521 688
522 43
522 98
522 170
522 382
522 516
523 21
523 36
523 59
523 63
523 219
524 1
524 63
524 81
524 182
524 363
524 723
524 737
525 1
525 2
525 20
525 131
525 149
526 1
526 28
526 48
526 199
526 332
527 4
527 109
527 168
527 362
527 373
528 1
528 12
528 13
528 63
528 137
528 619
529 17
529 207
529 228
529 440
529 491
530 1
530 44
530 57
530 317
530 516
531 45
531 54
531 190
531 441
531 502
532 75
532 166
532 261
532 264
532 383
533 36
533 66
533 123
533 462
533 466
534 3
534 114
534 129
534 188
534 520
534 588
535 19
535 210
535 213
535 397
535 482
536 5
536 67
536 167
536 357
536 473
537 2
537 16
537 134
537 267
537 320
537 633
538 1
538 24
538 89
538 134
538 153
538 767
539 1
539 99
539 294
539 299
539 530
539 724
539 883
540 24
540 51
540 233
540 303
540 309
540 987
541 11
541 147
541 287
541 501
541 515
542 311
542 340
542 404
542 461
542 471
543 40
543 46
543 103
543 254
543 331
544 4
544 38
544 39
544 375
544 492
545 4
545 42
545 119
545 268
545 451
546 6
546 42
546 77
546 220
546 382
546 613
547 22
547 31
547 32
547 147
547 285
547 767
548 5
548 90
548 96
548 98
548 177
549 1
549 53
549 76
549 320
549 384
550 9
550 14
550 413
550 455
550 499
551 43
551 161
551 293
551 338
551 386
552 25
552 197
552 223
552 387
552 483
553 52
553 87
553 108
553 366
553 511
554 14
554 103
554 192
554 250
554 278
554 415
555 1
555 31
555 81
555 340
556 17
556 31
556 64
556 264
556 413
556 914
557 1
557 3
557 43
557 370
557 505
558 32
558 53
558 95
558 429
558 496
559 78
559 157
559 213
559 218
559 377
559 583
559 734
559 980
560 29
560 108
560 123
560 211
560 516
561 2
561 71
561 144
561 342
561 360
561 540
562 3
562 13
562 23
562 139
562 487
563 2
563 18
563 52
563 390
563 480
564 1
564 7
564 104
564 105
564 334
565 1
565 4
565 132
565 218
566 46
566 122
566 304
566 429
566 453
567 59
567 61
567 139
567 246
567 256
568 5
568 46
568 61
568 151
568 260
568 367
569 3
569 231
569 352
569 363
569 453
569 753
570 201
570 286
570 384
570 394
570 453
571 1
571 13
571 76
571 139
571 467
571 888
572 1
572 7
572 14
572 17
572 46
573 17
573 217
573 305
573 482
573 567
574 4
574 99
574 220
574 314
574 444
574 919
575 36
575 296
575 317
575 346
575 480
575 1006
576 1
576 63
576 199
576 281
576 492
577 1
577 9
577 32
577 274
577 358
578 1
578 147
578 204
578 369
578 505
578 674
579 16
579 17
579 32
579 89
579 212
580 4
580 72
580 100
580 295
580 447
580 939
581 45
581 231
581 232
581 364
581 464
582 3
582 27
582 137
582 144
582 229
582 878
582 892
582 896
583 16
583 34
583 130
583 428
583 555
584 1
584 28
584 90
584 131
584 302
585 44
585 126
585 326
585 479
585 486
585 675
586 1
586 18
586 178
586 198
586 214
586 641
587 1
587 67
587 433
587 445
587 488
587 775
588 9
588 50
588 252
588 430
588 550
588 717
588 985
589 1
589 24
589 135
589 515
589 520
590 5
590 38
590 48
590 56
590 277
590 424
591 147
591 159
591 378
591 476
591 498
592 4
592 36
592 123
592 345
592 540
592 905
593 3
593 22
593 161
593 277
593 315
594 16
594 38
594 128
594 213
594 404
594 573
594 801
595 13
595 211
595 427
595 428
595 488
595 555
596 58
596 135
596 139
596 260
596 544
597 1
597 53
597 64
597 96
597 276
598 147
598 311
598 340
598 501
598 575
599 208
599 419
599 432
599 440
599 452
600 10
600 96
600 218
600 417
600 541
600 886
601 13
601 60
601 98
601 174
601 402
602 2
602 100
602 117
602 286
602 428
603 8
603 62
603 77
603 344
603 547
604 1
604 131
604 194
604 351
604 400
604 658
605 16
605 25
605 160
605 362
605 373
606 18
606 46
606 162
606 463
606 493
606 620
607 1
607 43
607 120
607 149
607 264
608 8
608 49
608 61
608 265
608 292
608 348
608 437
609 1
609 152
609 222
609 365
609 581
609 600
610 3
610 70
610 227
610 295
610 346
610 1015
611 51
611 198
611 282
611 416
611 440
611 717
612 8
612 85
612 141
612 191
612 446
612 640
613 5
613 49
613 61
613 114
613 196
614 1
614 66
614 77
614 146
614 358
614 442
615 27
615 152
615 275
615 323
615 425
616 23
616 33
616 64
616 307
616 487
617 50
617 212
617 259
617 404
617 505
618 15
618 26
618 289
618 394
618 567
619 1
619 14
619 99
619 494
619 542
620 1
620 5
620 7
620 86
620 149
621 91
621 321
621 383
621 428
621 482
622 9
622 88
622 118
622 228
622 286
623 7
623 38
623 283
623 396
623 540
623 994
624 1
624 48
624 298
624 364
625 4
625 29
625 57
625 368
625 618
626 1
626 3
626 131
626 212
626 216
626 253
626 403
626 893
627 75
627 206
627 232
627 332
627 500
627 812
628 78
628 97
628 308
628 313
628 526
629 1
629 16
629 38
629 68
629 340
630 6
630 131
630 148
630 204
630 261
630 1001
631 3
631 7
631 118
631 162
631 543
632 6
632 71
632 336
632 523
632 547
633 28
633 54
633 56
633 254
633 528
633 605
634 67
634 217
634 394
634 497
634 503
635 118
635 268
635 479
635 499
635 540
636 1
636 10
636 13
636 88
636 403
636 470
637 12
637 27
637 134
637 239
637 258
637 795
638 2
638 161
638 235
638 244
638 554
638 619
639 25
639 58
639 67
639 105
639 289
640 8
640 60
640 61
640 214
640 455
641 25
641 245
641 465
641 487
641 615
642 2
642 24
642 223
642 510
642 677
643 15
643 103
643 231
643 324
643 587
644 7
644 26
644 63
644 456
644 567
645 1
645 23
645 152
645 161
645 457
646 26
646 56
646 261
646 443
646 556
646 571
646 784
647 3
647 5
647 43
647 268
647 524
648 4
648 47
648 237
648 362
648 492
649 5
649 19
649 33
649 58
649 352
649 754
650 63
650 226
650 257
650 370
650 502
651 31
651 46
651 52
651 63
651 280
652 32
652 44
652 57
652 79
652 389
653 1
653 3
653 4
653 38
653 461
654 23
654 25
654 293
654 457
654 581
654 1013
655 19
655 86
655 100
655 208
655 598
655 992
656 19
656 60
656 158
656 436
656 447
656 581
657 14
657 15
657 19
657 147
657 165
657 892
658 22
658 82
658 92
658 248
658 347
658 883
659 1
659 12
659 14
659 100
659 633
659 819
660 143
660 360
660 426
660 457
660 480
661 173
661 190
661 324
661 524
661 556
662 9
662 36
662 386
662 574
662 734
662 753
663 114
663 117
663 176
663 226
663 428
664 1
664 6
664 19
664 43
664 598
665 60
665 441
665 455
665 596
665 604
666 64
666 93
666 113
666 166
666 476
666 980
667 2
667 75
667 81
667 192
667 247
668 21
668 63
668 72
668 157
668 214
669 3
669 9
669 84
669 103
669 113
670 1
670 78
670 187
670 332
670 613
671 13
671 44
671 59
671 252
671 456
671 745
672 7
672 100
672 114
672 118
672 178
673 52
673 69
673 225
673 236
673 313
673 574
674 1
674 3
674 8
674 74
674 328
674 529
674 938
675 70
675 293
675 354
675 443
675 522
676 6
676 100
676 102
676 115
676 226
677 77
677 103
677 170
677 175
677 329
678 231
678 441
678 523
678 550
678 640
678 707
679 26
679 31
679 148
679 187
679 307
679 414
679 440
679 613
680 24
680 28
680 102
680 120
681 1
681 86
681 135
681 262
681 334
682 21
682 110
682 127
682 460
682 565
683 1
683 43
683 255
683 267
683 544
683 636
684 14
684 49
684 59
684 79
684 211
685 1
685 13
685 38
685 46
685 161
685 202
685 733
686 44
686 51
686 120
686 195
686 205
686 341
687 3
687 91
687 162
687 208
687 211
688 169
688 197
688 306
688 315
688 543
689 52
689 124
689 245
689 338
689 615
689 768
690 69
690 76
690 78
690 456
690 687
690 764
691 14
691 29
691 38
691 74
691 398
691 628
692 3
692 8
692 134
692 148
692 491
692 869
692 1021
693 28
693 165
693 315
693 404
693 617
694 16
694 90
694 116
694 381
694 539
695 9
695 53
695 184
695 260
695 333
696 47
696 268
696 418
696 489
696 606
696 646
696 737
697 30
697 52
697 97
697 124
697 522
698 1
698 320
698 436
698 485
698 517
699 16
699 24
699 76
699 341
699 440
700 545
700 565
700 575
700 598
700 687
701 86
701 130
701 346
701 477
701 545
702 33
702 63
702 71
702 129
702 197
702 561
702 706
703 1
703 22
703 91
703 299
703 465
704 22
704 69
704 182
704 315
704 455
705 14
705 34
705 123
705 139
705 281
706 177
706 280
706 447
706 533
706 651
707 43
707 64
707 66
707 417
707 648
708 9
708 38
708 99
708 218
708 630
708 936
709 20
709 206
709 443
709 530
709 673
710 145
710 198
710 527
710 567
710 709
711 6
711 89
711 212
711 254
711 299
712 12
712 211
712 243
712 329
712 410
712 998
713 21
713 96
713 118
713 157
713 278
713 776
714 1
714 166
714 351
714 549
715 5
715 85
715 130
715 244
715 372
716 4
716 63
716 148
716 353
716 609
716 718
717 4
717 13
717 68
717 271
717 604
718 1
718 5
718 7
718 247
718 285
718 836
719 6
719 9
719 36
719 71
719 320
720 4
720 43
720 209
720 309
720 397
721 19
721 171
721 256
721 419
721 521
721 970
722 23
722 166
722 233
722 331
722 634
723 223
723 260
723 307
723 333
723 338
724 17
724 127
724 167
724 502
724 588
725 1
725 220
725 363
725 542
725 635
725 739
726 1
726 9
726 59
726 340
726 385
726 938
727 19
727 70
727 95
727 494
727 695
727 895
728 12
728 135
728 187
728 217
728 293
728 730
729 1
729 42
729 123
729 636
729 663
730 1
730 2
730 200
730 424
730 583
730 631
731 46
731 91
731 118
731 155
731 524
732 1
732 4
732 50
732 254
732 542
733 4
733 25
733 479
733 625
733 723
734 99
734 190
734 222
734 279
734 511
734 556
734 660
735 9
735 129
735 275
735 299
735 366
736 57
736 212
736 464
736 676
736 715
737 21
737 76
737 276
737 428
737 597
738 137
738 218
738 275
738 288
738 425
739 331
739 498
739 596
739 644
739 646
739 718
740 7
740 13
740 77
740 193
740 596
741 49
741 81
741 267
741 268
741 497
741 913
741 1008
742 12
742 28
742 106
742 147
742 631
742 659
743 173
743 213
743 377
743 441
743 451
744 1
744 43
744 73
744 192
744 648
745 46
745 63
745 341
745 484
745 624
746 4
746 25
746 392
746 425
746 523
747 19
747 77
747 104
747 152
747 460
747 808
747 914
748 4
748 28
748 44
748 173
748 198
748 483
749 1
749 226
749 366
749 697
749 742
750 18
750 47
750 58
750 464
750 567
751 5
751 28
751 153
751 217
751 457
752 5
752 23
752 285
752 451
752 724
752 743
752 1017
753 1
753 219
753 233
753 444
753 677
754 6
754 30
754 132
754 274
754 438
755 3
755 216
755 252
755 480
756 1
756 191
756 347
756 554
756 749
757 150
757 227
757 269
757 270
757 614
758 1
758 13
758 158
758 210
758 280
759 9
759 17
759 25
759 33
759 130
760 154
760 158
760 211
760 217
760 737
761 1
761 19
761 27
761 107
762 28
762 48
762 127
762 221
762 691
762 698
762 930
763 1
763 6
763 50
763 153
763 422
763 1023
764 58
764 78
764 82
764 647
764 759
764 912
765 1
765 9
765 36
765 46
765 63
766 1
766 2
766 43
766 116
766 582
767 137
767 144
767 172
767 245
767 308
768 2
768 9
768 20
768 243
768 609
769 5
769 58
769 88
769 210
769 217
770 1
770 11
770 630
770 702
770 752
771 76
771 139
771 473
771 524
772 1
772 5
772 38
772 127
772 461
773 10
773 58
773 78
773 542
773 562
774 1
774 74
774 100
774 115
774 358
775 4
775 38
775 46
775 359
775 728
776 13
776 44
776 72
776 278
776 604
777 36
777 121
777 164
777 165
777 551
778 152
778 231
778 275
778 325
778 675
779 1
779 9
779 273
779 472
780 75
780 153
780 536
780 653
780 747
780 1006
781 5
781 51
781 671
781 741
781 762
781 805
782 24
782 29
782 40
782 44
782 368
783 1
783 48
783 190
783 236
783 779
784 413
784 435
784 462
784 473
784 551
784 993
784 1020
785 3
785 5
785 156
785 245
785 463
785 549
785 813
786 8
786 75
786 130
786 133
786 135
787 10
787 434
787 437
787 508
787 737
788 13
788 46
788 296
788 705
788 726
788 798
788 822
789 38
789 114
789 134
789 164
789 373
790 61
790 188
790 307
790 326
790 334
791 5
791 24
791 43
791 152
791 332
792 1
792 137
792 187
792 382
792 759
793 1
793 201
793 236
793 467
793 478
794 18
794 57
794 143
794 189
794 269
795 17
795 31
795 116
795 531
795 687
795 1012
796 34
796 165
796 211
796 224
796 705
796 735
797 30
797 61
797 517
797 542
797 612
797 660
798 96
798 127
798 132
798 295
798 299
799 2
799 65
799 102
799 307
799 852
800 1
800 102
800 506
800 618
800 783
801 8
801 15
801 150
801 236
801 563
802 133
802 259
802 431
802 671
802 722
803 6
803 14
803 143
803 274
803 418
804 22
804 230
804 332
804 371
804 573
805 36
805 67
805 274
805 339
805 587
805 798
806 21
806 87
806 109
806 217
806 234
807 32
807 38
807 219
807 637
807 701
807 860
808 59
808 181
808 216
808 335
808 771
809 1
809 76
809 154
809 369
809 584
810 13
810 42
810 60
810 692
811 24
811 28
811 133
811 472
811 543
811 785
812 14
812 34
812 203
812 637
812 676
813 46
813 228
813 287
813 304
813 752
813 821
814 2
814 384
814 428
814 589
814 744
815 3
815 4
815 31
815 78
815 176
815 776
816 9
816 323
816 515
816 554
816 759
817 5
817 19
817 162
817 703
818 4
818 74
818 107
818 390
818 440
818 734
819 1
819 7
819 78
819 159
819 545
819 890
820 103
820 130
820 346
820 613
820 698
820 859
821 25
821 165
821 173
821 189
821 206
822 1
822 4
822 76
822 358
822 522
822 558
823 1
823 2
823 36
823 209
823 810
824 4
824 42
824 51
824 227
824 601
825 3
825 24
825 35
825 95
825 113
826 7
826 22
826 33
826 100
826 415
826 842
827 7
827 100
827 103
827 364
827 566
827 1006
828 87
828 327
828 332
828 529
828 551
828 590
828 887
829 8
829 102
829 189
829 349
829 596
829 757
829 1007
830 106
830 185
830 725
830 739
830 796
830 814
831 1
831 47
831 299
831 616
831 697
831 706
832 1
832 15
832 201
832 320
832 580
832 671
833 54
833 185
833 454
833 706
833 737
834 28
834 64
834 104
834 115
834 124
835 16
835 243
835 436
835 592
835 734
835 763
836 1
836 69
836 268
836 509
836 647
836 971
837 19
837 38
837 43
837 145
837 454
837 780
838 27
838 28
838 132
838 256
839 6
839 64
839 373
839 406
839 479
839 916
840 1
840 26
840 207
840 396
840 600
841 10
841 22
841 600
841 746
841 766
842 1
842 40
842 203
842 332
842 698
843 7
843 19
843 165
843 260
843 487
844 1
844 20
844 87
844 92
844 470
845 44
845 56
845 79
845 199
845 551
845 887
845 962
846 4
846 50
846 187
846 710
846 721
847 8
847 25
847 99
847 191
847 802
848 9
848 61
848 92
848 362
848 763
849 26
849 110
849 312
849 417
849 556
849 896
850 28
850 127
850 245
850 383
850 719
851 5
851 120
851 130
851 332
851 654
852 206
852 300
852 371
852 402
852 480
852 717
853 1
853 14
853 116
853 597
853 812
854 15
854 160
854 164
854 167
854 250
855 14
855 85
855 206
855 218
855 668
856 25
856 168
856 399
856 517
856 629
856 983
857 30
857 102
857 221
857 224
857 712
858 2
858 22
858 28
858 39
859 5
859 196
859 350
859 373
859 511
860 3
860 9
860 148
860 207
860 518
861 12
861 273
861 329
861 347
861 715
862 49
862 81
862 130
862 440
862 757
863 26
863 130
863 196
863 317
863 408
864 37
864 108
864 294
864 678
864 750
865 12
865 43
865 68
865 428
866 2
866 75
866 340
866 583
866 707
866 865
867 67
867 212
867 515
867 524
867 653
868 73
868 114
868 127
868 640
868 700
869 7
869 242
869 580
869 701
869 731
869 1003
870 2
870 240
870 432
870 461
870 617
870 878
871 96
871 107
871 214
871 262
871 568
871 926
872 3
872 177
872 223
872 341
872 697
873 60
873 86
873 200
873 320
873 615
874 25
874 156
874 313
874 471
874 536
875 2
875 42
875 61
875 85
875 311
876 3
876 10
876 28
876 304
876 368
876 562
876 981
877 49
877 306
877 449
877 623
877 625
877 843
878 132
878 349
878 484
878 555
878 831
879 93
879 302
879 643
879 654
879 682
880 96
880 233
880 406
880 505
880 697
881 1
881 74
881 308
881 505
881 683
882 43
882 46
882 59
882 387
882 880
883 12
883 16
883 44
883 430
883 736
883 905
884 89
884 455
884 506
884 556
884 598
885 1
885 205
885 447
885 462
885 478
886 5
886 12
886 43
886 635
886 770
887 1
887 68
887 585
887 767
887 780
888 16
888 39
888 66
888 750
888 856
889 112
889 190
889 442
889 458
889 668
890 16
890 164
890 422
890 558
890 631
890 658
891 69
891 285
891 345
891 599
891 601
891 1005
892 1
892 78
892 606
892 687
892 815
892 852
893 200
893 309
893 360
893 379
893 824
894 150
894 214
894 406
894 541
894 597
895 105
895 164
895 175
895 261
895 289
895 519
896 120
896 151
896 529
896 631
896 706
896 727
897 5
897 130
897 186
897 373
897 499
897 557
898 2
898 9
898 99
898 546
898 589
898 732
899 6
899 10
899 43
899 46
899 64
899 613
900 43
900 205
900 328
900 377
900 540
900 952
901 1
901 26
901 137
901 286
901 847
901 998
902 27
902 84
902 174
902 544
902 789
903 13
903 14
903 17
903 114
903 190
903 891
904 35
904 47
904 67
904 555
904 763
904 797
904 1003
905 2
905 46
905 48
905 73
905 489
906 3
906 26
906 78
906 231
906 763
907 46
907 130
907 431
907 477
907 723
908 17
908 49
908 81
908 375
908 586
909 25
909 261
909 318
909 414
909 765
910 46
910 137
910 305
910 650
910 867
911 39
911 76
911 334
911 661
911 698
912 11
912 130
912 598
912 638
912 852
912 933
913 57
913 87
913 213
913 493
913 715
914 1
914 28
914 152
914 515
914 736
914 867
915 3
915 21
915 64
915 390
915 468
915 739
916 1
916 42
916 375
916 508
916 640
917 27
917 222
917 345
917 487
917 733
917 894
918 2
918 16
918 17
918 79
918 114
919 7
919 36
919 373
919 396
919 815
919 838
920 4
920 259
920 285
920 714
920 893
920 903
921 43
921 152
921 202
921 466
921 590
921 933
921 984
922 19
922 172
922 353
922 413
922 831
923 150
923 154
923 545
923 893
923 921
923 997
924 25
924 45
924 257
924 640
925 297
925 366
925 646
925 741
925 898
926 2
926 15
926 17
926 245
926 401
926 736
927 1
927 197
927 396
927 550
927 661
928 7
928 268
928 269
928 384
928 546
929 7
929 76
929 540
929 585
929 717
929 824
929 890
930 1
930 3
930 136
930 619
930 816
931 42
931 69
931 76
931 115
931 488
932 32
932 64
932 171
932 785
932 807
933 4
933 155
933 298
933 556
933 598
934 1
934 102
934 435
934 612
934 795
935 19
935 57
935 85
935 720
935 920
936 5
936 129
936 192
936 257
936 318
937 1
937 11
937 53
937 77
938 28
938 37
938 109
938 132
938 397
939 2
939 14
939 61
939 219
939 385
940 24
940 63
940 64
940 502
940 684
940 916
941 64
941 129
941 329
941 564
941 738
941 814
942 27
942 118
942 320
942 550
942 885
943 71
943 120
943 456
943 494
943 698
943 729
944 49
944 63
944 160
944 680
944 812
945 166
945 291
945 654
945 721
945 903
946 7
946 28
946 31
946 42
946 884
947 19
947 148
947 204
947 615
947 811
947 861
948 182
948 334
948 451
948 729
948 892
949 84
949 113
949 139
949 162
949 665
949 686
950 21
950 26
950 65
950 295
950 846
950 935
951 24
951 43
951 367
951 455
951 846
952 4
952 46
952 116
952 229
952 909
953 5
953 104
953 118
953 281
953 333
954 28
954 79
954 255
954 320
954 337
954 950
955 1
955 4
955 14
955 91
955 110
955 613
955 726
956 69
956 160
956 230
956 240
956 359
957 6
957 26
957 291
957 407
957 537
958 45
958 51
958 79
958 188
958 827
958 981
959 82
959 488
959 738
959 763
959 843
960 1
960 28
960 100
960 689
960 730
961 4
961 7
961 106
961 324
961 632
961 857
962 9
962 207
962 345
962 363
962 803
963 7
963 24
963 491
963 597
963 706
964 9
964 300
964 540
964 828
964 843
965 27
965 48
965 66
965 84
965 441
965 874
966 1
966 69
966 397
966 655
966 658
966 746
967 1
967 9
967 88
967 178
967 465
967 932
967 984
968 9
968 478
968 602
968 696
968 714
968 740
968 849
969 53
969 103
969 203
969 214
969 241
969 830
970 1
970 13
970 123
970 193
970 588
970 805
971 12
971 86
971 176
971 211
971 558
971 859
972 1
972 42
972 92
972 460
972 934
973 22
973 365
973 644
973 720
973 783
973 1020
974 7
974 9
974 14
974 506
974 543
975 1
975 5
975 252
975 365
975 791
975 1007
976 52
976 137
976 182
976 368
976 843
976 964
977 68
977 102
977 139
977 518
977 904
978 49
978 196
978 294
978 377
978 779
979 11
979 56
979 589
979 792
979 906
980 16
980 17
980 31
980 271
980 517
981 1
981 75
981 254
981 413
981 445
982 1
982 3
982 296
982 399
982 729
983 24
983 69
983 321
983 623
983 846
983 950
984 76
984 120
984 318
984 344
984 524
984 660
985 5
985 129
985 143
985 147
985 271
986 14
986 58
986 307
986 339
986 482
987 40
987 157
987 282
987 394
987 407
987 620
987 658
987 821
987 962
988 6
988 7
988 171
988 201
988 730
988 754
988 904
989 8
989 42
989 188
989 228
989 266
990 76
990 77
990 99
990 333
990 666
990 711
990 965
991 11
991 42
991 74
991 82
991 776
991 941
991 948
992 76
992 92
992 275
992 534
992 913
993 15
993 103
993 253
993 373
993 803
993 971
994 3
994 63
994 85
994 220
994 376
995 84
995 91
995 151
995 334
995 355
996 1
996 57
996 226
996 791
996 832
997 3
997 4
997 17
997 21
997 548
997 813
998 223
998 467
998 574
998 768
998 897
998 899
999 7
999 485
999 510
999 613
999 923
1000 78
1000 93
1000 453
1000 502
1000 965
1001 87
1001 190
1001 369
1001 727
1001 803
1002 102
1002 231
1002 544
1002 808
1002 911
1003 5
1003 46
1003 57
1003 404
1003 623
1003 804
1004 5
1004 423
1004 641
1004 750
1004 767
1004 786
1005 1
1005 3
1005 80
1005 228
1005 591
1006 1
1006 8
1006 12
1006 220
1006 263
1006 1001
1007 275
1007 491
1007 510
1007 595
1007 820
1008 12
1008 118
1008 161
1008 296
1008 584
1008 848
1009 59
1009 80
1009 82
1009 638
1009 660
1009 822
1009 1001
1010 38
1010 42
1010 130
1010 839
1010 979
1011 13
1011 150
1011 204
1011 737
1011 777
1012 104
1012 358
1012 583
1012 612
1012 730
1012 859
1013 84
1013 91
1013 298
1013 413
1013 518
1014 24
1014 28
1014 313
1014 514
1014 750
1015 1
1015 25
1015 191
1015 368
1015 538
1016 1
1016 51
1016 84
1016 132
1016 174
1017 12
1017 28
1017 192
1017 334
1017 704
1017 984
1018 4
1018 75
1018 712
1018 852
1018 871
1019 71
1019 211
1019 230
1019 513
1019 816
1020 1
1020 4
1020 19
1020 46
1020 227
1021 2
1021 10
1021 100
1021 207
1021 255
1022 16
1022 89
1022 139
1022 361
1022 688
1023 76
1023 137
1023 154
1023 365
1023 755
1024 150
1024 233
1024 369
1024 468
1024 645
1024 662
