1 65
1 111
1 390
1 940
2 40
2 101
2 424
2 639
3 928
5 326
5 537
5 611
6 498
6 520
7 292
7 614
8 65
9 381
9 545
9 836
10 286
10 460
10 580
11 1023
12 992
13 87
13 91
13 435
13 677
14 478
14 1008
15 137
15 911
16 104
16 466
16 774
16 984
16 1023
17 15
17 31
18 147
19 290
19 594
20 387
20 472
20 498
21 881
22 485
22 712
22 863
22 1020
23 28
23 209
23 306
23 751
24 40
25 413
25 530
26 321
26 452
26 639
27 187
27 1008
28 327
29 143
29 845
29 886
30 25
30 73
31 759
32 364
32 414
32 688
32 722
32 999
33 346
33 649
35 371
36 319
37 205
37 475
38 258
38 654
40 500
41 443
41 448
41 693
41 695
42 62
43 7
43 1000
44 78
44 597
45 114
46 478
46 621
47 447
47 704
47 874
49 327
50 806
51 845
52 219
52 782
53 355
53 504
53 593
54 236
54 811
55 33
57 43
57 130
57 416
57 866
58 443
58 773
59 1016
60 668
60 937
60 1014
61 540
62 68
62 98
63 820
63 941
64 426
64 465
64 660
65 436
65 825
66 48
66 91
66 916
67 337
67 808
69 328
69 835
69 862
69 923
70 914
71 299
71 982
72 221
72 573
72 723
73 284
74 277
74 348
74 442
76 141
77 563
77 1022
78 140
78 147
78 765
80 206
81 5
81 201
81 657
81 751
81 872
82 410
82 823
82 905
82 1004
86 375
86 922
87 440
87 906
88 398
88 848
88 1007
89 415
91 478
92 286
92 387
94 65
94 864
95 930
96 492
96 693
96 971
98 971
99 564
99 844
99 895
100 610
101 48
101 99
101 776
102 553
102 659
103 219
103 663
103 690
103 767
105 72
105 649
105 869
106 363
106 431
107 351
107 710
108 506
109 412
109 585
109 850
110 509
111 561
112 57
112 224
112 475
112 761
113 37
113 343
113 638
114 1
114 576
114 817
114 940
115 701
115 911
116 81
116 545
117 389
118 190
118 210
118 271
118 972
121 782
122 436
122 754
122 910
122 962
123 1016
125 407
125 553
125 957
126 798
127 16
128 366
128 514
129 138
129 313
129 773
129 779
130 28
130 981
131 11
131 798
131 908
133 230
134 268
135 110
135 267
136 70
136 339
136 902
137 363
137 1010
141 436
141 897
143 123
143 704
144 457
144 873
144 898
145 104
145 482
145 700
145 977
146 73
146 476
147 337
147 416
147 802
147 939
149 329
149 409
150 159
150 312
150 812
150 934
151 129
151 299
151 827
152 882
153 195
154 726
154 944
155 752
156 278
157 353
159 108
159 456
160 172
160 628
161 572
162 396
163 643
165 290
165 492
165 952
166 59
166 174
166 840
167 601
168 167
168 616
169 170
169 199
169 300
169 305
169 849
169 864
169 936
170 551
171 208
171 485
171 665
171 703
172 429
173 205
173 965
175 56
175 75
175 484
175 658
175 846
176 243
176 546
176 721
177 692
179 159
179 229
179 278
179 505
179 753
179 848
181 144
181 975
182 913
183 108
183 437
183 569
184 11
185 520
185 876
185 932
186 467
186 621
187 430
188 847
188 850
188 965
189 127
189 221
189 371
189 477
189 670
189 689
190 421
190 787
190 825
190 964
190 1018
191 251
191 447
191 687
191 917
192 462
192 532
192 841
192 897
192 912
193 956
193 1014
194 293
194 762
194 852
194 962
195 805
196 933
197 133
197 468
198 571
198 727
198 767
199 126
199 213
199 481
199 501
199 627
199 1003
200 221
200 345
200 516
200 874
202 524
203 44
203 162
203 544
204 193
204 681
204 793
204 912
205 102
205 488
205 782
206 161
206 304
206 425
206 476
207 3
207 219
207 275
207 864
208 813
209 223
210 142
210 481
210 752
212 441
214 880
214 1016
215 194
215 250
215 417
215 595
216 35
216 120
216 560
216 733
217 636
217 798
218 185
218 453
218 494
218 523
219 89
219 615
220 500
221 212
221 293
222 505
222 781
223 216
224 98
224 519
225 633
225 878
227 33
227 224
227 337
227 342
227 528
227 687
227 781
228 657
229 662
230 508
230 530
230 867
231 127
231 390
232 427
232 583
232 886
234 7
234 75
234 138
234 805
235 849
235 985
236 49
240 331
240 971
240 986
241 938
242 523
242 891
243 281
243 534
243 790
244 915
245 129
245 239
245 348
245 587
245 609
245 716
246 356
246 378
247 296
248 43
248 209
248 481
248 720
248 814
248 917
249 425
250 883
251 68
251 394
251 549
251 797
252 141
253 719
255 32
255 118
255 1024
256 128
256 511
256 565
256 827
257 422
258 583
258 642
258 1017
259 613
259 777
260 306
261 210
261 360
262 325
262 505
264 243
265 72
265 215
266 235
266 301
266 811
267 85
267 134
267 231
268 732
268 846
269 137
270 982
271 857
272 584
272 618
272 675
272 795
272 866
273 23
273 398
273 834
273 909
273 915
273 941
274 888
274 894
275 217
275 239
275 322
276 79
276 217
276 550
276 608
277 3
277 22
277 376
277 489
277 895
278 684
279 109
279 118
279 127
279 283
279 441
279 450
280 21
280 132
280 780
280 844
282 126
282 183
282 593
282 597
282 619
282 940
283 497
283 780
285 882
285 948
286 183
286 668
286 671
287 192
287 504
288 645
289 811
290 247
290 398
290 445
290 641
290 734
291 488
291 784
292 177
292 394
292 425
293 97
293 393
293 827
293 864
294 4
294 175
294 573
294 828
294 844
296 536
296 589
297 785
298 358
298 370
298 554
299 498
299 928
300 820
301 1003
302 255
302 399
303 199
303 286
304 246
304 264
304 700
304 831
305 164
305 495
306 210
307 84
308 869
309 154
309 165
310 208
310 584
310 791
311 661
313 697
314 411
314 832
315 166
316 296
317 34
317 201
318 465
319 617
320 448
321 972
322 14
322 701
323 51
323 387
323 445
323 957
325 241
325 578
326 55
326 64
326 476
326 875
327 915
328 825
328 935
329 283
329 380
329 762
329 842
329 1010
330 313
330 337
330 385
330 538
331 517
332 244
332 980
333 631
333 634
333 796
334 353
335 281
335 307
336 379
336 537
336 623
336 931
337 496
338 107
338 430
338 609
339 411
339 690
339 824
339 897
341 545
342 129
343 365
343 692
343 933
344 40
344 58
344 241
344 370
344 970
345 61
345 129
345 607
345 645
345 998
346 66
346 332
346 348
346 916
347 19
347 116
347 316
348 606
350 397
351 656
351 861
352 562
352 683
354 453
355 284
355 451
356 44
356 66
356 143
357 134
357 268
357 367
357 428
358 661
358 1021
360 315
360 874
361 265
361 286
361 299
362 193
363 293
363 803
364 406
365 888
366 323
366 990
367 210
369 185
369 309
369 370
369 593
369 749
370 436
370 568
370 913
371 547
371 739
371 964
372 245
372 437
373 395
373 836
375 271
375 819
375 933
375 978
376 746
377 289
377 771
377 883
378 144
378 416
378 446
378 649
378 718
379 97
379 234
379 316
379 726
380 2
380 478
381 601
381 857
382 25
382 145
382 566
383 184
383 450
383 636
383 848
384 851
384 931
385 706
385 715
386 975
388 365
388 858
391 345
391 661
391 793
392 145
392 307
392 363
392 377
393 372
393 392
393 455
394 224
395 566
395 756
396 232
396 283
397 350
397 685
398 69
398 533
398 610
400 5
400 106
401 497
401 954
403 499
403 576
403 799
404 257
404 654
405 555
405 699
405 1017
406 185
406 345
406 725
408 29
408 50
408 318
408 495
408 568
408 669
409 504
410 883
411 4
411 181
412 723
412 1005
413 450
413 1015
414 232
414 926
414 949
415 293
415 854
415 1009
416 430
416 597
417 80
417 139
417 518
417 596
417 933
419 343
419 883
421 598
424 51
424 618
425 282
425 867
426 639
427 643
427 765
428 206
428 766
428 852
428 860
429 937
431 127
431 177
431 336
431 625
432 778
432 858
433 274
434 378
435 214
436 340
437 70
437 503
437 512
437 579
437 588
437 815
437 929
438 71
438 74
438 103
439 578
439 989
440 573
441 425
441 877
441 982
443 69
443 836
444 934
445 129
445 562
445 623
445 661
446 225
447 740
447 941
449 68
449 499
449 588
450 144
450 184
450 535
450 589
450 689
451 444
451 714
451 829
452 577
452 622
452 954
453 937
454 289
455 786
455 941
455 960
456 156
456 462
457 789
458 278
458 284
459 638
459 864
460 134
461 222
461 272
462 273
463 872
463 994
466 203
466 246
466 607
466 848
467 994
468 71
468 216
469 540
471 349
471 1021
472 88
472 105
472 614
473 140
473 277
473 312
473 463
473 639
473 782
474 155
474 505
474 702
475 230
475 447
475 745
476 209
476 402
476 556
476 684
477 682
479 689
479 903
481 115
483 836
483 993
484 946
485 535
485 824
486 692
487 631
487 901
488 721
488 824
488 1000
489 315
489 725
489 866
490 469
490 657
491 997
492 484
492 876
492 1021
493 355
494 619
494 675
494 824
495 398
498 124
498 464
498 538
498 998
499 759
500 206
501 111
501 725
501 1016
502 85
502 234
503 200
504 584
504 716
504 741
505 729
505 817
506 25
506 64
506 131
506 590
506 756
506 810
507 151
507 293
507 408
507 536
508 973
510 741
510 812
511 16
511 927
512 105
512 572
512 632
512 707
513 348
515 543
516 434
517 670
518 396
518 661
520 622
521 200
521 954
523 480
523 571
523 742
524 974
524 980
525 632
526 80
526 781
526 940
528 415
528 834
529 222
529 602
529 857
529 901
529 904
529 927
531 53
531 198
531 532
531 886
532 191
532 245
532 1015
533 5
533 123
533 334
533 460
533 461
533 740
533 792
536 4
537 944
538 655
538 761
539 209
539 856
540 188
540 942
542 28
542 738
543 707
544 292
545 838
546 404
547 495
549 745
550 922
551 716
552 350
552 404
552 426
552 430
552 509
552 983
553 77
553 342
554 640
554 838
554 913
555 798
556 693
557 400
557 669
558 136
558 172
558 176
558 325
558 478
559 978
560 535
560 893
560 922
561 146
561 693
562 312
562 397
562 688
562 909
562 976
564 704
564 738
564 891
565 386
565 529
565 858
567 361
568 809
569 564
570 23
570 47
570 318
570 359
570 982
571 341
571 511
571 953
572 245
572 817
573 189
574 394
574 555
574 568
575 242
577 85
577 242
577 475
578 396
579 6
579 172
579 301
579 457
579 528
579 782
580 560
581 371
581 1001
582 455
582 539
582 907
582 939
582 980
583 814
584 929
585 230
585 234
586 752
587 690
587 780
587 784
588 246
588 335
588 636
589 673
590 746
591 664
592 192
592 353
593 39
593 165
594 63
594 498
594 592
594 677
594 914
595 221
595 228
596 824
597 537
597 824
598 378
598 429
598 633
599 286
599 617
599 702
599 920
600 701
601 22
602 15
602 127
603 403
603 579
604 435
605 259
605 260
605 371
605 441
605 923
606 410
608 457
608 515
608 805
609 95
609 155
609 374
609 388
609 570
610 195
610 338
611 344
612 833
613 747
614 502
614 706
615 86
615 446
615 682
616 1021
617 29
617 878
618 9
618 643
619 88
619 584
619 738
620 837
620 981
622 189
622 822
622 826
623 458
623 638
624 272
624 486
624 935
625 36
625 74
625 335
625 527
625 584
626 53
626 803
628 11
628 607
628 912
629 326
629 587
629 829
629 934
630 245
630 493
630 660
631 133
631 215
631 640
632 169
632 608
632 881
632 998
633 365
633 391
633 800
636 37
636 231
636 698
637 107
637 308
637 470
638 283
638 513
638 838
639 584
640 935
641 167
641 183
642 725
642 796
643 100
643 214
643 329
644 870
645 298
645 665
645 783
645 880
647 582
649 502
649 826
650 210
651 239
651 463
652 440
653 11
653 438
654 752
654 902
655 184
655 315
655 459
655 463
655 503
655 738
656 160
656 253
656 697
657 231
658 22
658 134
658 642
659 209
659 812
659 853
660 946
662 166
662 334
663 174
666 574
666 851
667 190
668 62
669 321
670 228
670 456
673 607
674 78
674 465
674 762
675 252
675 782
675 868
675 889
675 938
676 305
676 324
676 606
677 307
677 766
678 837
679 54
679 99
679 175
680 73
680 937
681 153
681 478
681 593
681 808
682 667
682 784
683 500
683 512
684 27
684 418
685 128
687 125
687 807
688 308
688 1017
689 891
690 532
690 837
690 972
691 481
692 69
692 987
693 480
693 805
693 981
694 723
694 829
694 833
694 994
695 160
695 696
696 212
696 950
697 266
698 435
698 509
699 162
700 537
700 625
700 652
700 917
700 962
701 104
701 730
702 390
702 644
703 427
703 700
704 9
704 98
704 427
705 346
705 405
705 685
706 179
706 493
706 745
707 30
707 166
707 244
707 699
708 849
709 131
709 412
709 629
710 577
711 618
712 698
712 901
713 917
714 289
714 788
714 1020
715 976
716 562
717 328
718 232
719 452
720 531
720 559
720 921
721 94
721 875
722 454
723 54
723 302
723 344
723 850
724 111
724 570
724 814
725 58
725 139
725 757
726 85
726 759
727 408
728 366
729 385
729 1015
729 1024
730 531
730 533
731 66
731 127
732 621
733 64
733 190
733 722
734 227
735 601
736 502
736 519
736 600
736 679
736 850
736 996
737 33
737 62
737 181
737 617
737 812
738 600
738 690
739 5
739 147
740 223
740 333
740 457
741 672
742 809
743 946
744 426
744 669
744 708
744 866
745 5
745 910
746 196
746 324
747 472
749 125
749 588
749 646
749 690
751 254
752 317
752 874
752 915
753 200
753 604
754 199
754 238
756 302
756 498
756 715
756 818
757 350
758 454
758 813
759 42
759 980
760 496
762 194
762 674
762 684
764 111
764 121
764 892
764 949
765 237
765 397
766 115
766 422
767 117
768 127
768 388
768 973
769 336
770 30
770 61
770 227
770 256
771 377
771 695
772 947
773 597
774 76
774 193
774 247
775 431
776 354
777 249
778 278
778 492
778 579
779 590
780 520
780 643
780 952
781 131
781 156
781 176
781 380
782 744
782 816
783 719
784 545
786 783
787 894
788 500
789 374
789 419
790 113
790 855
790 977
791 202
791 624
791 848
791 918
792 440
792 873
793 106
793 623
793 698
795 145
795 216
795 445
795 468
795 760
796 61
797 44
797 236
797 264
797 595
797 1024
798 205
798 459
803 17
804 344
804 605
804 787
805 136
805 204
806 470
809 347
809 440
809 539
809 551
811 506
811 561
812 561
813 5
813 786
814 296
814 525
814 828
815 66
815 113
816 115
816 454
817 43
817 933
818 597
818 654
818 741
818 804
819 335
819 633
819 655
819 792
820 630
821 113
822 73
822 231
822 477
822 864
823 145
823 585
823 949
824 98
824 578
824 903
825 282
826 615
826 773
827 19
827 874
827 891
827 967
828 172
828 226
828 301
829 209
830 454
830 562
830 620
830 677
832 711
833 573
833 941
833 1013
834 19
834 194
834 636
835 57
835 298
835 789
836 243
836 864
838 854
838 958
839 284
839 637
840 89
840 94
841 916
842 316
842 328
842 448
842 544
843 807
844 159
844 606
845 961
846 312
846 505
846 777
847 846
848 53
848 783
849 751
849 925
850 761
851 267
851 590
851 813
852 231
852 278
852 616
852 1020
854 129
854 150
854 692
854 1000
855 174
856 505
857 229
857 245
858 251
858 322
858 381
858 908
861 110
861 296
861 903
862 298
864 385
864 492
864 651
864 914
866 406
866 744
866 852
867 128
867 401
867 526
867 634
867 832
867 910
869 21
869 64
869 160
869 185
869 837
870 457
870 540
871 217
871 341
871 497
872 786
872 791
873 91
873 169
873 215
873 801
874 591
874 620
875 810
875 921
876 438
876 651
877 237
877 469
877 479
877 891
877 1001
878 210
878 216
878 250
878 674
878 930
879 501
879 689
879 804
880 28
880 83
880 184
880 288
880 428
880 631
882 327
882 341
882 795
883 268
883 880
884 206
884 639
885 512
885 774
886 672
887 192
887 444
887 529
887 553
887 729
888 66
888 868
888 889
889 104
889 974
891 978
892 568
894 211
894 548
896 412
897 919
898 357
899 135
899 176
899 814
900 139
901 562
902 869
903 131
904 135
905 173
905 419
905 980
906 6
906 285
906 562
906 596
907 509
909 489
909 710
910 101
910 801
911 341
912 319
913 46
913 747
914 864
914 899
916 433
916 639
916 828
917 199
917 803
918 739
918 1016
920 916
921 1
921 459
921 711
921 863
921 873
922 387
922 764
922 873
924 430
924 642
924 781
924 852
925 85
925 213
925 595
925 826
927 15
927 331
928 163
928 728
928 887
930 46
931 570
931 670
932 1016
933 37
933 128
933 270
933 586
934 383
935 290
935 356
935 926
936 700
936 759
937 309
937 336
937 433
937 777
938 57
938 161
938 295
939 437
939 892
940 336
940 485
940 502
940 510
940 587
942 76
942 247
942 382
943 468
943 667
943 832
944 181
944 505
944 765
944 888
945 33
945 721
945 777
946 301
947 613
947 725
947 781
948 270
948 589
948 671
949 246
951 382
951 646
952 814
952 856
953 416
954 387
954 896
955 579
956 659
956 725
957 140
957 162
957 969
958 900
959 46
959 438
959 633
960 758
964 300
964 566
965 528
965 534
965 560
966 9
966 39
966 252
967 922
968 100
968 492
968 596
969 979
970 491
970 839
970 860
971 557
972 599
972 847
972 852
972 893
973 705
973 850
976 956
977 16
977 560
978 734
978 853
979 816
979 850
980 6
980 333
980 420
980 603
980 775
981 565
982 385
982 623
983 374
983 552
984 61
984 580
984 692
984 851
984 995
985 275
985 298
985 648
985 673
985 682
987 246
987 389
987 649
988 212
988 382
989 493
989 748
989 996
990 556
992 928
993 133
993 588
994 317
994 747
994 894
995 145
995 614
995 776
995 937
996 340
997 561
997 1014
998 616
998 759
998 911
999 746
999 936
1000 273
1000 284
1000 624
1001 155
1002 612
1003 62
1003 239
1004 833
1005 202
1006 5
1006 171
1006 267
1007 179
1007 313
1007 848
1007 889
1008 85
1008 91
1008 813
1010 462
1010 627
1010 710
1010 742
1012 188
1012 847
1013 255
1013 540
1014 488
1014 880
1015 615
1015 881
1016 190
1018 212
1018 234
1018 987
1019 644
1019 962
1019 1013
1020 486
1020 637
1020 878
1021 75
1021 88
1021 173
1021 318
1022 448
1023 801
1024 73
1024 510
