1 60
1 119
1 1968
2 962
3 583
3 1739
5 1156
6 325
7 1546
7 1883
7 1987
8 333
8 779
8 2041
10 1473
10 1899
11 169
11 441
11 1937
12 798
12 1403
12 2030
13 108
13 833
13 1220
14 955
15 155
15 334
15 1046
17 949
17 1650
18 68
18 172
19 907
19 1278
19 1804
20 504
20 2007
21 742
21 1186
21 1597
22 482
22 1981
23 817
23 1304
24 175
25 568
25 865
26 1330
26 1495
26 1844
26 1975
27 101
27 286
29 1896
30 987
30 1337
31 1452
31 1652
32 704
32 837
32 1947
33 1380
33 1488
34 544
36 1987
37 1481
38 1975
39 1271
39 1511
40 271
40 1036
40 1514
41 325
41 816
41 1896
42 155
42 1191
43 2
43 1027
43 1247
43 1510
43 1614
44 566
45 124
45 127
46 886
46 1374
47 160
47 461
47 1995
49 1768
49 1786
50 722
50 731
50 828
50 1779
50 2000
51 244
52 740
53 26
53 543
54 120
54 1644
54 1949
55 307
56 337
56 1449
57 452
57 1441
58 931
59 1907
60 433
60 1735
61 1552
61 1785
62 49
62 392
62 768
62 1448
65 1303
65 1695
66 1340
68 1174
69 309
69 1358
69 1811
70 1331
70 1712
71 871
71 979
71 1256
72 739
72 1080
72 1103
73 1418
73 1719
73 2011
74 240
74 320
74 1422
75 938
75 1780
76 1196
77 133
77 419
79 1525
80 1684
81 172
81 357
81 496
81 514
81 1387
81 1446
81 1661
81 1799
82 779
82 1130
82 1414
83 730
83 1768
84 1042
85 755
85 1559
86 794
86 1203
86 2016
88 437
88 621
88 1698
88 2008
89 728
90 110
90 243
90 432
90 697
90 897
91 269
91 389
91 858
92 212
92 1721
93 364
94 1232
94 1713
95 1699
95 1858
95 1897
96 237
96 590
96 689
96 1410
97 1741
98 449
98 1179
98 1251
99 193
99 220
99 359
99 430
100 1406
100 1616
101 1346
101 1954
102 1183
102 1468
103 364
103 1825
104 1429
105 1306
105 1652
106 1289
106 1398
106 1643
106 1823
107 626
108 510
108 656
108 1607
108 1632
108 1728
108 1830
109 1192
110 1877
111 748
111 879
111 1078
112 243
112 841
113 1131
114 205
115 129
115 1102
115 1387
115 1660
115 1763
115 1848
115 1882
116 48
116 1734
117 27
117 96
117 949
117 1218
119 98
119 561
120 1456
121 1646
122 203
122 2039
123 556
123 585
123 1117
124 724
124 1011
126 73
126 170
127 820
128 1478
129 20
129 798
130 579
130 955
130 1439
130 1479
131 1636
131 1985
132 1243
132 1570
132 1741
132 1967
134 447
135 633
135 1760
136 711
136 973
139 1498
140 1639
141 335
141 1114
141 1757
142 1573
142 1948
143 1590
144 147
144 1343
144 1739
144 1978
145 244
145 1656
148 173
148 1815
149 1188
149 1907
150 72
151 1140
151 1194
151 1544
152 141
152 1498
153 1391
154 1553
154 1614
155 260
156 1405
156 1758
157 1111
157 1422
157 1994
158 1669
158 1981
159 1966
160 723
160 1117
160 1834
162 490
163 655
164 1493
164 1835
165 1312
166 206
166 1056
166 1327
166 1529
167 1237
167 1250
167 1329
167 1879
168 111
168 390
169 190
169 394
170 1056
171 619
171 1400
171 1692
172 160
172 587
172 645
172 1366
173 872
174 602
174 711
174 1017
177 289
178 252
178 544
178 1427
179 1448
179 1601
179 1722
180 575
181 6
181 1401
182 384
182 789
183 2019
185 1645
186 290
186 499
186 1349
187 2031
188 1895
188 2009
189 776
190 192
191 230
191 639
191 893
191 1895
192 994
192 2043
193 147
193 250
193 1369
194 500
195 4
195 1871
196 255
196 1218
196 1710
197 831
197 1674
198 349
198 743
198 754
198 1125
198 1595
199 323
199 1233
199 1279
200 130
200 1923
201 376
201 1553
203 272
203 757
203 835
203 1082
204 1764
204 1836
205 343
205 1970
206 730
206 769
206 1937
208 497
210 1079
210 1870
211 1740
211 1909
212 965
212 1433
212 1466
212 1527
212 1534
212 1591
212 1798
214 315
214 1720
214 2016
215 224
216 1262
217 609
217 1284
217 1447
217 1626
218 159
218 487
218 1777
220 1142
221 63
221 509
221 907
221 935
221 1241
221 1479
221 1720
222 839
222 1283
223 954
223 1461
224 6
224 39
224 551
225 365
225 549
225 1250
225 1592
226 316
226 646
226 1043
226 1066
227 112
227 499
228 849
228 1872
229 41
229 92
230 1142
230 1583
233 313
233 917
234 733
234 970
235 1067
236 112
236 1379
236 1945
237 21
237 439
237 1065
238 1032
239 278
239 1121
239 1354
240 1560
241 1447
241 1996
242 1992
243 1728
244 781
245 1841
245 1963
246 1912
249 884
249 1741
250 609
250 1243
250 1538
250 1634
251 880
253 491
253 710
253 1510
254 766
254 987
255 430
255 761
255 1825
256 705
256 1444
256 1472
256 1541
256 1842
257 417
257 1926
258 730
258 751
258 904
258 1860
259 291
259 1899
261 1345
261 1659
262 236
262 443
262 1157
262 1708
264 101
265 1311
265 1633
266 859
267 634
267 1243
267 1771
268 1197
268 1497
268 1688
269 518
269 1006
269 1191
270 1079
270 1258
271 259
271 1767
271 1902
272 906
272 1477
273 775
273 1601
274 1930
275 528
275 802
275 1700
276 855
276 1724
277 472
278 362
278 959
279 944
279 1110
279 1551
281 1407
283 447
283 1458
284 235
284 2028
285 434
285 1197
285 1822
285 2038
286 1177
287 391
287 682
288 463
289 510
289 1503
290 238
290 1233
290 1828
291 1172
291 1553
291 1581
293 461
293 1866
294 523
296 1357
297 1156
297 1658
297 1935
297 1966
298 1457
298 1760
299 233
299 690
299 1532
299 1673
300 1022
300 1312
301 1421
301 1774
302 179
302 356
303 670
303 1031
303 1667
304 415
305 675
305 791
305 1197
305 1217
306 1345
306 1404
306 1693
307 49
308 153
309 826
309 1936
310 611
310 763
311 1713
313 814
313 1557
314 1526
314 1810
315 504
317 222
317 298
317 1730
317 1761
317 1934
318 580
318 895
318 1334
319 356
319 968
320 132
320 836
320 1102
322 717
323 1316
323 1581
325 638
325 911
325 942
325 1108
325 2015
326 755
326 963
326 1340
326 1966
327 368
329 574
330 1848
331 1877
332 1604
333 430
333 1743
334 224
334 761
335 43
335 520
338 29
338 1455
338 1679
339 1866
339 1991
340 436
341 447
341 1200
341 1716
342 1284
343 172
344 1340
344 1349
344 1422
344 1812
345 510
345 880
345 1482
345 1905
346 629
346 706
346 1522
346 1552
347 1681
348 1099
348 1251
348 1805
348 2022
349 1000
349 1783
350 697
350 1620
351 1843
352 75
352 375
352 1313
352 1538
352 1599
352 2013
353 1831
353 1984
354 719
354 1773
354 2008
355 338
355 1168
356 997
356 1358
356 1798
358 1172
359 215
360 149
360 1683
361 532
361 1441
361 1608
361 1869
362 1525
364 234
364 859
364 1016
365 502
365 848
365 1922
365 2001
366 458
366 1963
367 579
367 882
367 1377
368 13
368 1447
372 43
372 2048
373 175
373 650
374 123
374 290
374 1216
374 1597
375 773
376 674
376 1122
376 1599
376 1909
377 408
377 1947
378 1080
379 644
379 1212
379 1696
379 1902
379 1937
380 1066
381 12
381 873
381 1098
382 1405
384 1201
385 263
385 888
385 1311
385 1337
385 1807
386 21
386 713
387 568
387 1922
388 958
388 1165
388 1717
389 574
389 751
391 1525
391 1762
392 213
392 1023
393 926
393 1830
394 671
394 955
395 313
395 1548
396 642
396 1469
396 2014
397 105
397 265
397 709
397 774
397 995
397 1665
397 1751
398 328
398 1253
399 139
399 478
399 649
400 188
400 520
400 882
400 1148
400 1246
400 1879
401 492
402 242
402 476
402 495
402 1142
403 302
403 650
403 739
403 1193
403 1808
403 1974
404 42
405 354
406 410
406 620
406 1539
406 1746
406 1766
407 1548
407 1997
408 1257
409 849
409 1170
410 1075
411 796
411 1589
411 2015
412 1075
412 1103
412 1814
413 864
414 245
415 252
415 392
416 25
416 580
416 827
418 482
418 1462
418 1828
419 1942
421 130
421 895
421 1346
421 1364
421 1734
422 61
422 561
422 698
422 1073
422 1387
422 1796
422 1932
424 172
424 579
424 1665
426 599
426 1571
427 1190
427 2028
428 67
428 1417
429 23
429 506
429 1556
431 707
431 1706
431 1794
431 2036
432 281
432 1495
432 1759
434 385
434 1713
435 26
435 300
435 551
435 644
435 952
435 1021
436 243
436 1171
437 219
438 1347
438 1501
438 1891
439 196
439 1064
439 1647
440 659
442 106
442 168
443 677
444 1088
444 1484
444 1911
445 79
445 140
445 365
446 894
447 1319
448 668
448 1836
448 1893
449 1007
449 1031
450 1703
452 39
452 1107
452 1513
452 1777
453 896
453 1119
454 83
454 1112
455 694
455 1248
456 1611
457 515
457 956
457 1388
457 1709
457 1903
458 298
458 386
458 814
459 663
459 788
459 961
459 1421
459 1508
460 305
460 422
461 1179
461 1197
461 1702
462 1298
463 172
463 835
463 1919
464 829
464 1205
464 1618
465 1167
465 1697
466 529
467 1715
467 1900
468 531
468 1323
468 1480
468 1982
469 272
469 764
469 1570
470 146
470 1137
470 1993
471 564
471 715
471 1079
471 2036
472 203
474 609
474 824
476 544
476 1229
476 1844
477 127
477 473
478 485
478 2047
479 511
479 1487
479 2040
480 207
480 1259
481 1684
483 277
483 834
483 1090
483 1129
484 279
484 459
484 517
484 587
484 2020
485 278
486 401
486 463
486 1058
486 1339
487 1219
488 462
489 412
489 839
489 1438
489 1596
491 286
491 1116
491 1295
491 1304
491 2017
492 499
493 1869
494 636
495 970
496 361
496 396
496 1614
496 1754
497 287
497 861
497 1351
498 349
498 822
498 1458
499 72
499 295
499 938
499 1200
499 1758
500 1196
501 337
501 537
501 750
501 878
501 923
501 1629
502 438
503 1199
504 876
504 1335
504 1691
505 547
506 1352
507 32
508 1880
509 404
510 1378
510 1564
511 1494
512 284
512 421
512 649
512 1131
512 1414
513 90
513 967
513 1589
514 1285
514 1586
514 1611
514 1714
516 1501
516 1525
517 869
517 919
517 955
517 1283
517 1838
517 1867
518 2015
519 315
519 869
520 149
520 380
521 9
521 86
521 1500
521 1952
522 1531
522 1602
524 684
525 435
525 472
525 505
525 1122
525 1128
525 1759
525 1795
526 1063
526 1516
527 82
527 525
528 138
528 1069
528 1326
531 502
531 733
532 322
532 337
532 353
532 424
532 1712
533 1984
534 1072
538 1476
538 1744
539 731
540 621
540 634
541 768
541 2014
544 530
546 1192
546 1199
547 986
547 1590
547 1778
548 513
548 782
548 884
549 1947
550 1084
551 706
551 1167
551 1297
551 1496
551 1571
551 1577
551 1695
553 386
553 1568
553 1821
554 1257
554 1405
554 1776
555 16
555 397
555 701
556 239
556 1263
556 1328
559 1438
560 93
560 306
561 2015
562 1088
563 1428
563 1477
563 2010
564 163
565 384
565 1172
565 1273
565 1987
566 1664
568 1232
569 1464
570 1961
571 1020
571 1027
571 1590
571 1753
571 1776
572 1423
573 794
573 1144
575 986
575 1055
576 750
576 1276
577 657
577 1976
578 343
578 1988
579 318
579 471
579 838
579 1077
579 1501
580 273
581 334
581 1219
583 591
584 1426
585 455
585 616
585 661
585 1765
585 1818
586 1960
587 832
587 1395
588 285
588 573
588 1113
589 194
589 715
589 958
589 1717
590 593
590 742
590 1493
591 205
591 774
592 326
592 856
592 960
592 981
592 1068
593 124
594 103
594 452
594 740
595 25
595 1641
595 1767
596 1279
597 174
597 663
597 822
599 1185
599 1703
601 135
601 805
602 313
602 1394
602 1510
603 982
603 1858
606 417
607 1153
607 1789
609 1110
610 1839
611 55
612 755
612 1765
613 203
613 756
613 1145
613 1543
613 1778
614 1343
614 1779
615 170
615 1125
615 1785
616 2020
617 966
618 260
618 626
619 217
619 256
619 1899
620 1452
622 1611
624 1249
624 1691
625 1131
625 1518
626 1000
626 1159
626 1320
626 1990
627 1252
627 1343
627 1538
628 100
630 15
631 221
631 976
632 1871
633 1309
633 1773
634 474
634 484
634 1135
635 864
635 1408
637 1100
637 1122
637 1227
639 1513
640 95
640 439
640 1675
641 1491
641 1981
643 188
643 428
643 1718
643 1725
644 384
644 1257
644 1632
645 1641
646 709
646 1247
646 1539
647 411
648 997
648 1385
648 1607
649 170
650 128
650 609
650 654
650 1242
651 515
652 1300
653 133
653 544
653 1457
654 719
654 1511
654 1683
655 159
655 231
655 965
655 1478
656 1216
656 1735
656 1830
657 244
657 513
657 1611
658 375
658 528
658 1942
659 263
659 632
659 1330
659 1387
660 1615
661 73
661 462
661 1263
662 1840
662 2014
663 1324
664 374
664 1901
666 1994
667 1584
668 19
668 1571
670 572
670 616
670 1339
670 1393
670 1515
670 1825
672 198
672 681
672 1158
673 685
674 423
674 1267
675 759
675 1810
677 1137
677 1800
678 1099
679 173
679 263
679 570
679 979
680 340
681 534
681 1070
681 1464
681 1708
682 1994
684 375
684 594
684 2033
685 532
685 1486
686 522
686 1013
686 1817
687 1019
687 1260
687 1887
688 1448
688 1552
689 1062
689 1143
689 1198
689 1199
689 1424
691 672
691 773
691 1166
693 1171
694 1072
694 1161
694 1924
695 1621
698 677
698 1501
699 1291
700 640
700 1911
701 840
702 784
702 1653
702 1695
703 730
703 901
703 1989
704 341
705 741
705 1237
705 1476
705 1496
706 322
706 946
706 1706
706 1728
707 320
707 1141
707 1181
707 1742
708 222
708 1410
708 1603
710 135
710 906
710 1807
711 840
711 978
711 1743
711 1899
713 1576
714 120
714 1295
714 1757
715 197
717 674
717 1082
717 1243
717 1387
717 1759
718 1226
718 1684
718 1861
720 739
720 936
721 1157
722 916
722 1034
722 1483
723 574
723 1661
723 1779
724 544
724 681
724 822
725 388
725 726
725 937
725 1266
726 855
727 6
727 681
727 1753
727 1907
730 98
730 353
730 1377
730 1597
731 100
731 579
731 1277
732 214
732 297
732 1532
733 737
733 1796
734 89
734 494
734 1343
734 1851
735 829
736 21
736 1353
736 1675
737 1894
738 5
738 378
738 775
738 808
739 141
739 389
739 1727
740 1851
742 1065
743 1461
744 588
744 616
744 1159
744 1381
745 2
746 627
747 1086
747 1637
747 1693
748 22
748 39
748 1701
749 324
749 1363
749 1380
749 1450
750 592
750 644
750 1095
750 1121
751 577
751 1228
751 1452
751 1510
752 234
753 784
753 1403
753 1487
753 1569
753 1791
753 1817
754 42
754 1791
755 199
755 693
755 845
755 896
756 94
756 1751
757 1018
758 214
758 975
759 189
759 929
759 1130
759 1189
760 1044
761 1402
762 691
763 273
763 1787
764 79
764 388
767 17
767 268
767 421
767 1749
767 1930
768 112
768 753
769 868
769 1016
769 1983
770 83
770 1501
770 1768
770 1921
771 1853
773 474
773 1034
773 1981
773 1991
774 224
774 254
774 1145
775 438
775 1028
775 1899
775 1915
776 564
776 2004
778 169
778 744
778 2017
779 297
779 740
779 1381
779 1818
780 449
780 852
782 390
782 1477
782 1799
783 115
783 199
783 736
783 1272
783 1978
784 220
784 300
784 626
785 909
785 2013
787 1589
788 1481
789 14
789 119
789 694
789 724
789 882
790 1635
791 1049
791 1609
792 842
792 1472
792 1971
793 884
793 1797
794 2011
795 929
795 1189
795 1942
796 1049
796 1654
796 1748
796 1782
796 1982
797 1172
797 1650
798 1365
798 1986
799 1717
800 335
801 320
801 554
802 21
802 332
802 1280
802 1680
804 96
804 442
805 335
805 1372
806 35
806 397
806 1214
806 1483
806 1571
807 1020
808 165
810 313
810 342
811 999
813 70
813 373
815 30
815 201
815 420
815 814
815 1997
816 420
817 1080
817 1127
818 635
818 1419
819 317
819 1190
820 434
820 504
822 521
822 708
822 1011
822 1808
823 571
823 822
824 708
824 1014
824 1358
824 1391
826 838
826 987
826 1700
826 1943
828 1255
829 321
829 505
829 707
829 1077
829 1346
830 66
830 450
830 645
831 1892
832 1061
832 1384
833 463
833 1095
833 1910
834 1308
835 994
835 1514
837 856
839 1359
840 1040
841 277
841 807
841 2010
841 2019
841 2044
842 265
842 301
842 1210
842 1667
843 282
843 293
843 411
843 1959
845 1401
846 262
846 1144
846 1582
846 1905
847 17
847 779
848 240
849 1699
849 1984
850 365
850 1008
850 1456
850 1878
851 905
852 1975
853 275
854 1293
855 276
856 1686
857 516
858 197
858 440
858 593
858 1134
859 289
859 899
860 490
862 443
862 909
862 1712
862 1846
863 1675
865 263
865 270
865 1992
866 139
866 303
866 1958
867 574
867 734
868 88
868 306
868 707
869 89
869 293
869 1775
870 804
870 1268
870 1806
872 256
872 437
872 1707
872 1765
873 1400
873 2030
874 1700
874 1799
875 1155
876 515
877 759
878 1094
878 1715
878 1791
879 623
879 688
879 1043
879 1802
879 1844
880 1786
882 874
882 1107
882 1129
882 1673
883 1113
883 1137
883 1758
884 752
884 2000
885 463
885 742
886 231
886 501
886 1406
887 536
889 886
889 1089
890 1503
891 993
891 1090
892 435
894 1439
894 1927
894 2014
895 830
895 1987
898 1245
899 809
899 983
900 375
900 1171
900 1269
900 1344
900 1815
901 13
901 1748
901 2008
902 439
902 1927
903 284
903 862
904 657
905 750
906 14
906 109
909 56
909 1005
909 1395
910 2036
911 352
911 417
911 1760
912 406
912 512
912 863
913 558
913 953
913 1109
913 1249
913 1407
913 1851
914 504
914 1076
914 1341
915 619
915 655
915 2016
916 741
916 756
917 919
917 1787
917 1838
918 929
918 1645
919 618
919 834
919 1610
920 172
920 440
920 686
921 1119
921 1264
921 1786
922 678
923 1009
923 1610
924 978
925 599
926 706
926 1562
928 519
929 459
929 752
932 11
932 643
932 1173
934 230
934 742
934 1295
934 1923
935 686
936 1503
936 1734
937 1048
938 87
938 660
938 1244
940 148
940 717
940 1611
942 472
942 1553
942 1582
942 1641
943 95
943 388
943 1133
944 832
944 1028
944 1245
944 1689
944 1706
944 1950
945 1260
945 1658
946 847
946 928
946 1289
946 1415
947 328
947 1199
947 1200
947 1878
948 404
948 576
948 758
948 1128
949 1877
950 1937
951 1937
951 1960
952 686
952 758
952 1453
952 2034
953 1421
954 1299
954 1897
956 426
956 651
956 827
956 928
956 1248
957 1253
957 1591
958 833
958 1446
958 1518
959 130
959 967
962 544
963 495
963 958
963 1855
964 99
964 1112
964 1943
965 353
966 867
966 986
967 822
968 187
969 442
969 848
970 778
970 848
970 1615
970 2014
971 339
971 934
972 125
972 169
972 702
972 1938
973 798
974 1107
976 285
976 813
976 914
977 854
977 1292
977 1551
978 865
978 1216
979 98
979 255
979 523
979 1545
980 308
980 647
980 972
980 1189
981 150
981 201
981 603
981 989
981 1172
981 1631
982 94
982 805
983 428
983 1830
984 229
984 1094
984 1185
984 1841
985 1005
986 819
986 2024
987 1938
988 265
988 856
988 915
988 1199
988 1499
989 61
989 346
990 1276
990 1660
991 418
991 672
992 235
992 478
992 777
993 93
993 274
993 1394
995 1023
996 42
996 1371
998 119
998 789
998 952
998 1742
999 646
999 1453
999 1491
999 1573
999 1737
1000 1785
1001 75
1001 1465
1001 1614
1002 628
1002 782
1002 1015
1003 1572
1003 1586
1004 514
1004 591
1005 1632
1006 1303
1007 1434
1008 418
1008 438
1008 1122
1008 2001
1009 800
1009 1140
1010 753
1010 1084
1010 1657
1010 1766
1012 1228
1013 1921
1013 2004
1014 231
1014 917
1015 6
1015 94
1016 659
1016 1104
1016 1415
1016 1848
1016 1871
1018 476
1018 723
1019 317
1020 191
1020 1033
1020 1072
1020 1653
1020 1712
1021 970
1022 851
1022 1987
1023 348
1023 624
1023 1333
1023 1661
1024 1285
1024 1916
1025 887
1026 358
1026 1379
1026 1553
1026 1566
1026 1649
1026 1660
1027 332
1027 493
1029 209
1029 245
1029 678
1029 757
1029 793
1030 77
1030 130
1030 1495
1030 1889
1031 764
1031 979
1032 2010
1033 20
1033 102
1033 492
1033 1334
1033 1839
1033 1844
1034 843
1034 910
1034 1120
1035 432
1037 887
1037 1859
1039 15
1039 325
1039 1353
1040 5
1040 626
1041 542
1041 1852
1042 1726
1044 570
1044 991
1044 1979
1045 486
1045 834
1045 1484
1046 1375
1046 2035
1047 222
1047 751
1047 1137
1047 1528
1048 1718
1048 1807
1050 216
1051 111
1051 492
1051 661
1052 900
1054 777
1055 1167
1055 2043
1056 759
1056 940
1057 795
1058 254
1058 1303
1059 1617
1060 1962
1061 1981
1062 132
1062 536
1062 749
1063 526
1063 605
1064 1598
1065 702
1066 532
1066 552
1066 930
1067 776
1067 909
1067 1110
1068 186
1068 1639
1068 1984
1069 1034
1069 1133
1070 17
1070 814
1071 1399
1071 1615
1071 1705
1071 1721
1071 2036
1072 986
1072 1882
1073 307
1073 1368
1075 1289
1076 285
1076 508
1076 1302
1076 1601
1076 1687
1076 1986
1078 273
1078 322
1078 1144
1078 1388
1080 722
1081 159
1081 1602
1081 1900
1082 186
1082 625
1082 1185
1082 1535
1083 115
1083 213
1083 544
1083 687
1083 705
1083 1301
1083 1912
1084 510
1085 233
1086 1076
1086 1289
1086 1847
1086 1864
1087 1872
1088 52
1088 91
1088 1265
1088 1325
1088 1443
1088 1522
1088 1640
1089 582
1090 722
1090 834
1091 1247
1091 1588
1092 701
1092 1587
1092 1662
1092 1854
1093 284
1094 1432
1095 255
1096 765
1096 900
1096 1271
1096 1514
1097 1543
1097 1695
1097 1969
1098 70
1098 687
1098 1380
1101 406
1101 571
1101 981
1101 1445
1101 1735
1104 313
1104 1185
1105 1333
1106 209
1106 402
1107 89
1107 188
1107 1273
1107 1437
1107 1946
1107 1985
1108 735
1108 1877
1109 415
1109 417
1109 1364
1109 1375
1109 2043
1110 1464
1110 1764
1111 810
1111 977
1111 1139
1112 498
1112 1217
1112 1368
1113 197
1113 756
1113 1250
1114 542
1114 907
1114 965
1115 1061
1115 1575
1115 1984
1116 171
1116 225
1117 966
1117 1563
1117 1733
1119 115
1119 469
1120 265
1120 458
1120 1862
1121 339
1121 966
1121 1901
1123 1584
1125 22
1125 686
1125 1203
1125 1829
1126 63
1126 1076
1126 1279
1127 1230
1128 6
1128 192
1129 577
1129 1485
1130 1956
1131 1822
1132 109
1132 1578
1132 1706
1132 1870
1133 1023
1134 255
1134 486
1134 1208
1135 318
1136 1667
1137 917
1137 936
1140 958
1140 1360
1142 708
1142 1069
1142 1084
1142 1508
1143 981
1143 1340
1144 493
1145 992
1146 641
1148 933
1149 1362
1150 604
1150 1578
1151 767
1151 1411
1151 1426
1153 156
1153 660
1153 1822
1155 32
1155 249
1155 1475
1155 1991
1156 322
1156 656
1156 1099
1156 1608
1157 356
1157 884
1157 911
1158 355
1158 435
1159 2024
1160 109
1160 544
1160 1247
1161 1381
1161 1544
1162 99
1162 1245
1163 1072
1163 1198
1163 1514
1163 1717
1164 482
1165 1145
1166 418
1166 757
1166 794
1166 1629
1167 262
1167 1985
1168 719
1168 753
1169 86
1169 182
1169 968
1169 1067
1171 59
1171 505
1171 1317
1171 1363
1171 1730
1171 2037
1172 1642
1173 1381
1173 1612
1174 269
1174 1632
1175 430
1175 1739
1175 1767
1176 532
1176 1485
1177 1036
1177 1038
1177 1486
1177 1608
1177 1763
1178 564
1178 1644
1179 1639
1181 288
1182 1583
1183 760
1183 1540
1183 1828
1184 11
1184 1169
1184 1587
1184 1620
1185 377
1185 445
1185 618
1185 748
1185 1191
1185 1307
1185 1439
1185 1498
1185 1554
1186 232
1186 1949
1187 778
1187 848
1187 1354
1188 406
1188 551
1189 1378
1192 1283
1194 811
1194 938
1194 1986
1195 1408
1195 1999
1195 2010
1196 772
1197 344
1197 1785
1197 1833
1197 1925
1198 675
1199 149
1200 1038
1200 2034
1201 113
1202 1461
1202 1779
1202 1913
1203 36
1203 1221
1203 1589
1204 519
1205 352
1206 288
1206 899
1206 1610
1207 566
1208 1297
1208 1873
1210 1418
1211 753
1212 1239
1212 1253
1213 1131
1213 1831
1214 503
1214 1485
1215 692
1215 1085
1215 1943
1216 310
1216 671
1216 1419
1216 1690
1217 144
1217 295
1217 296
1217 1339
1218 60
1218 288
1218 1284
1218 1722
1219 210
1220 1162
1221 1565
1222 1413
1223 43
1223 244
1223 383
1224 381
1224 1598
1225 1303
1226 300
1226 1267
1226 1686
1227 978
1227 1908
1227 1973
1228 545
1228 587
1228 804
1229 529
1229 860
1229 1316
1230 349
1230 510
1230 1249
1231 674
1232 384
1232 1473
1232 1941
1233 1459
1233 1565
1234 1151
1234 1998
1236 1387
1237 252
1238 1887
1239 145
1239 922
1239 1876
1240 742
1240 1469
1241 428
1241 723
1241 1229
1241 1397
1241 1880
1243 1129
1244 5
1244 77
1244 1302
1244 1835
1246 289
1247 1713
1248 1689
1249 667
1249 729
1252 847
1252 1135
1252 1704
1253 400
1253 854
1253 1316
1253 1598
1256 1060
1256 1429
1257 801
1257 1190
1258 609
1258 1082
1258 1470
1259 40
1259 1035
1259 1108
1261 575
1262 280
1262 1879
1263 1305
1265 94
1265 1974
1265 2010
1266 115
1266 1253
1267 474
1267 839
1267 1773
1267 1971
1268 83
1269 957
1269 1838
1269 1853
1271 169
1271 1631
1271 1759
1273 42
1273 1751
1274 2011
1275 1598
1276 956
1276 1557
1277 736
1277 1260
1277 1838
1277 1851
1277 2013
1278 901
1279 639
1279 1010
1280 738
1280 1154
1281 921
1282 1365
1283 85
1283 534
1284 251
1284 521
1285 457
1285 834
1285 1027
1285 1317
1286 446
1286 1198
1286 1363
1287 1707
1288 685
1288 766
1288 1736
1289 958
1290 182
1290 275
1290 1441
1290 1535
1290 2016
1291 57
1291 665
1291 1334
1291 1617
1291 1946
1293 644
1293 694
1293 1485
1293 1698
1293 1935
1294 109
1294 1037
1294 1580
1295 19
1295 848
1295 916
1295 1867
1296 851
1297 494
1297 1002
1297 1244
1298 379
1298 1958
1299 102
1299 350
1299 1082
1299 1558
1299 1948
1300 247
1300 286
1300 333
1300 540
1300 866
1300 1000
1300 1125
1300 1354
1301 758
1301 874
1301 1050
1301 1308
1302 225
1302 690
1303 247
1303 1558
1304 531
1304 1864
1305 1283
1305 1802
1306 563
1306 1547
1306 1973
1307 359
1307 910
1307 1474
1307 1615
1307 1824
1308 581
1308 1938
1310 1686
1311 1948
1312 161
1312 179
1312 1794
1313 995
1314 382
1314 1535
1315 309
1315 422
1315 634
1315 1860
1316 162
1316 997
1316 1325
1317 690
1317 1006
1318 1076
1318 1423
1318 1507
1318 1702
1318 1801
1319 458
1319 1218
1319 1297
1320 375
1321 1227
1322 1015
1322 1215
1322 1740
1324 615
1324 1298
1324 1711
1325 188
1325 215
1325 395
1325 700
1327 290
1327 365
1328 1700
1329 612
1329 710
1329 1914
1330 323
1330 1155
1330 1182
1331 997
1332 418
1332 621
1332 1087
1333 1962
1333 2001
1333 2047
1334 782
1335 108
1335 1672
1335 1776
1335 1966
1337 510
1338 223
1338 1769
1340 1013
1341 501
1341 1633
1341 1968
1342 1177
1343 1231
1344 1671
1344 2018
1345 1088
1345 1466
1346 1515
1347 72
1348 79
1348 1296
1348 1840
1349 1923
1350 899
1351 276
1351 720
1351 1073
1352 1898
1353 1919
1354 1170
1354 1873
1355 240
1355 369
1355 570
1356 198
1356 840
1356 1266
1356 1280
1356 1928
1357 639
1357 1311
1357 1725
1358 732
1359 846
1359 1425
1360 1752
1361 1063
1362 1493
1363 1031
1363 1475
1363 1739
1363 2036
1365 646
1365 1422
1367 1683
1367 1693
1367 1747
1368 102
1368 451
1368 560
1368 1618
1368 1619
1368 1797
1369 414
1370 871
1371 1379
1371 1559
1372 531
1372 1243
1373 1468
1373 1710
1374 752
1374 1582
1375 34
1375 390
1375 1707
1376 1575
1377 160
1377 376
1377 1383
1377 1622
1378 207
1378 693
1379 715
1379 1000
1379 1971
1380 927
1381 119
1381 663
1381 976
1381 1180
1382 751
1383 128
1383 1297
1383 1979
1384 1103
1384 1343
1384 1739
1385 521
1385 1331
1385 1649
1386 468
1386 1740
1387 1215
1388 261
1389 1503
1390 425
1390 480
1390 1153
1390 1264
1392 83
1392 744
1392 1554
1392 1857
1393 2
1394 250
1394 1620
1394 1658
1394 1787
1394 1974
1395 1153
1395 1628
1396 1101
1396 1979
1396 2031
1397 1130
1398 646
1398 755
1398 1493
1398 1749
1398 1853
1400 202
1400 582
1400 1907
1400 1993
1400 2034
1401 1313
1401 1993
1402 292
1402 483
1402 1646
1403 926
1404 1515
1404 1725
1405 838
1405 1809
1406 1718
1406 1884
1407 522
1407 1157
1407 1778
1408 76
1408 190
1408 471
1408 481
1408 1061
1408 1609
1408 1632
1409 204
1409 374
1409 443
1410 1452
1411 728
1411 1817
1412 1902
1413 213
1413 467
1413 1208
1413 1327
1413 1375
1414 824
1414 1348
1415 444
1416 231
1416 1052
1416 1071
1416 1205
1417 232
1417 556
1417 590
1417 1748
1418 24
1418 979
1419 56
1419 340
1420 984
1421 1631
1423 229
1423 1466
1424 942
1425 1540
1425 1807
1426 333
1426 2009
1426 2048
1427 430
1428 76
1428 85
1428 464
1428 1354
1429 262
1429 509
1432 435
1433 254
1433 458
1433 761
1433 928
1433 1113
1433 1864
1434 824
1434 840
1434 1952
1435 909
1435 1121
1435 1549
1438 358
1438 1357
1439 980
1439 2007
1440 29
1440 353
1440 667
1440 1351
1440 1935
1441 132
1441 247
1441 721
1442 421
1442 1199
1443 1689
1443 1758
1444 351
1444 442
1444 712
1445 17
1445 588
1446 1879
1447 890
1447 1330
1447 1829
1448 694
1449 1513
1450 221
1450 640
1451 1579
1451 1653
1452 1153
1452 1185
1454 375
1454 1736
1455 1704
1456 375
1456 630
1456 784
1456 1414
1457 18
1457 1201
1457 1806
1457 1910
1458 1591
1459 784
1459 1294
1460 858
1460 1030
1461 1887
1462 1655
1463 1553
1465 497
1466 305
1466 538
1466 714
1466 987
1466 1778
1467 154
1468 1787
1469 503
1469 1014
1471 1267
1471 1768
1472 1042
1472 1446
1472 1610
1473 800
1474 371
1474 1275
1475 794
1475 951
1477 258
1477 716
1477 779
1477 1387
1477 1944
1479 380
1479 607
1479 1207
1479 1473
1479 1991
1480 814
1480 1079
1480 1221
1481 227
1481 256
1481 1401
1483 1641
1483 1816
1484 627
1484 1200
1485 168
1485 441
1485 1350
1486 633
1486 1512
1486 1872
1487 1983
1488 123
1488 649
1488 896
1489 136
1491 58
1491 774
1492 649
1492 689
1494 1439
1495 9
1495 443
1495 447
1495 484
1495 731
1495 1081
1496 1150
1496 1520
1496 1747
1497 417
1497 946
1497 1586
1498 339
1498 830
1498 1401
1499 458
1499 1690
1500 663
1501 468
1502 144
1502 1190
1503 183
1503 508
1503 1274
1503 1551
1504 495
1504 1843
1505 110
1505 1344
1505 1659
1506 884
1506 1176
1506 1604
1507 120
1507 242
1507 907
1507 1025
1507 1225
1507 1308
1507 1910
1509 63
1509 1507
1510 387
1510 733
1512 1739
1513 890
1514 340
1515 302
1515 771
1515 986
1515 1044
1515 1119
1516 1690
1517 774
1517 991
1517 1723
1517 1725
1518 39
1518 1765
1519 746
1519 1415
1521 701
1521 896
1521 994
1521 1423
1521 1501
1521 1909
1522 1315
1523 1109
1523 1289
1523 1968
1524 71
1524 269
1524 1423
1525 480
1526 312
1526 1088
1526 1270
1526 1944
1527 231
1527 803
1528 34
1528 523
1528 1758
1528 1906
1529 522
1529 622
1529 704
1529 1308
1529 1521
1530 1822
1530 1863
1531 746
1531 1092
1531 1451
1532 927
1532 1212
1532 1890
1534 725
1534 829
1536 131
1536 716
1538 173
1538 1048
1540 656
1540 960
1540 1083
1540 1926
1541 595
1542 1524
1543 1575
1543 2001
1543 2003
1545 1496
1545 1678
1546 1980
1547 451
1547 1140
1547 1495
1548 1368
1548 1860
1549 675
1549 807
1550 307
1550 450
1550 1342
1550 1621
1550 1769
1551 1762
1551 1836
1552 1441
1553 424
1554 444
1554 744
1555 864
1556 179
1557 577
1557 861
1557 1778
1557 1874
1558 508
1558 995
1559 241
1560 947
1560 1827
1561 174
1561 944
1561 1054
1561 1682
1562 334
1562 1920
1562 2047
1563 817
1563 1837
1563 1884
1563 1958
1564 164
1564 1305
1565 2018
1569 1392
1569 1639
1571 531
1571 1950
1572 294
1573 67
1575 570
1575 1143
1575 1375
1576 373
1576 746
1576 1101
1577 541
1577 814
1578 721
1579 1881
1580 68
1580 1027
1582 435
1585 1386
1585 1759
1586 109
1586 155
1587 1953
1589 720
1589 2024
1590 197
1590 199
1591 1728
1592 196
1592 1269
1593 19
1593 958
1593 1518
1594 269
1594 828
1594 1097
1595 1183
1595 1272
1596 20
1596 54
1596 107
1596 1263
1597 262
1597 451
1598 130
1599 459
1599 1762
1599 1817
1600 1080
1601 172
1601 1178
1602 114
1602 1683
1603 461
1604 278
1604 339
1604 567
1604 917
1604 1171
1605 422
1605 1340
1606 484
1606 572
1606 1122
1606 2005
1608 338
1608 472
1608 495
1608 666
1609 450
1611 290
1611 922
1611 1908
1612 1024
1612 1403
1612 1434
1612 1871
1612 2028
1613 581
1614 292
1614 1745
1615 390
1616 263
1616 1161
1616 1561
1616 1626
1617 1126
1620 413
1620 1045
1621 76
1622 1443
1622 1514
1622 1817
1623 483
1623 687
1623 902
1623 1204
1623 1874
1625 833
1626 2048
1627 1816
1628 202
1628 432
1628 661
1630 1214
1631 1256
1632 796
1633 1041
1634 245
1634 1148
1634 1713
1634 1876
1634 2004
1635 73
1635 774
1636 495
1637 226
1637 985
1637 1191
1638 593
1638 1110
1639 973
1640 1406
1641 1263
1641 1392
1642 1770
1644 1364
1644 1782
1645 938
1645 1135
1646 273
1646 474
1646 500
1647 355
1647 376
1647 595
1647 1248
1648 1001
1650 1614
1651 1262
1651 1310
1651 1793
1652 130
1654 1181
1654 1378
1655 634
1656 377
1656 587
1656 701
1656 1569
1658 720
1658 1793
1659 249
1659 1142
1659 1248
1659 2022
1659 2024
1660 119
1660 543
1660 1063
1662 1337
1663 210
1664 702
1664 1084
1666 468
1666 956
1666 1651
1667 208
1667 291
1668 998
1669 1069
1670 313
1670 1205
1671 923
1671 1112
1672 32
1672 416
1672 779
1672 1982
1672 2029
1674 338
1674 1208
1674 1607
1675 105
1675 516
1675 600
1675 822
1676 83
1676 723
1676 1951
1677 66
1677 693
1677 1231
1678 59
1679 1046
1679 1635
1679 2021
1680 668
1680 1275
1681 251
1681 917
1681 980
1681 1829
1682 774
1683 30
1683 1005
1683 1288
1683 1524
1684 426
1684 1580
1685 901
1685 1835
1686 36
1688 57
1688 164
1689 438
1689 905
1689 1181
1690 1562
1691 1192
1691 1250
1691 1713
1692 1714
1693 666
1695 457
1695 753
1695 851
1695 1538
1695 1969
1696 558
1696 591
1696 1361
1696 1605
1699 1622
1700 928
1700 1361
1701 510
1701 557
1701 920
1701 1172
1701 1523
1701 1602
1702 55
1702 487
1702 1282
1702 1589
1705 82
1705 254
1705 641
1705 739
1706 1299
1706 1471
1707 1828
1708 113
1709 867
1709 1363
1709 1990
1712 574
1712 1096
1712 1119
1713 363
1713 674
1713 858
1713 1176
1714 1156
1716 319
1716 434
1718 1192
1718 1633
1719 1752
1720 557
1720 693
1721 403
1721 947
1721 1875
1721 1915
1722 840
1722 1515
1722 1953
1723 839
1723 864
1723 999
1724 650
1724 1671
1725 2005
1726 708
1726 1169
1726 1718
1727 111
1727 329
1727 736
1727 1152
1727 1712
1728 476
1729 1208
1730 550
1730 573
1731 299
1731 1306
1731 1364
1732 1022
1732 1133
1732 1390
1732 1955
1733 1069
1734 1472
1735 823
1736 510
1737 446
1737 985
1737 1658
1738 2
1738 1050
1739 964
1740 6
1740 613
1740 628
1740 640
1740 1548
1741 56
1741 767
1741 1775
1742 4
1742 69
1742 164
1742 871
1742 1904
1743 263
1743 415
1743 791
1744 1424
1744 1507
1745 47
1745 413
1745 1495
1745 1520
1746 1695
1746 1848
1747 868
1748 323
1748 974
1748 1494
1749 606
1750 934
1750 1216
1750 1861
1752 225
1752 465
1752 1697
1753 165
1753 366
1754 554
1754 1421
1754 1438
1755 842
1755 1296
1756 144
1756 1072
1757 1454
1757 1547
1759 1142
1759 1646
1760 397
1760 592
1761 1140
1762 1626
1763 667
1763 878
1763 1427
1765 538
1765 703
1766 1159
1766 1208
1767 483
1767 553
1767 1019
1767 1973
1769 230
1769 1389
1770 202
1770 1780
1771 497
1771 1265
1771 1872
1772 1430
1773 262
1773 524
1773 2044
1774 139
1775 539
1775 1368
1777 690
1777 1676
1778 809
1778 1309
1778 1871
1779 24
1779 1138
1780 200
1780 337
1780 1417
1781 15
1781 1111
1781 2038
1783 1809
1783 1967
1784 997
1784 1967
1785 1956
1786 794
1786 1480
1787 207
1787 404
1787 1614
1787 1903
1787 1971
1788 1159
1788 1658
1789 141
1789 462
1789 603
1789 1361
1789 1647
1790 85
1791 1273
1791 1469
1792 334
1792 1812
1793 183
1793 1826
1794 288
1794 940
1796 581
1796 1407
1796 1408
1796 1550
1797 925
1798 213
1798 1185
1799 1730
1800 507
1800 560
1800 1264
1801 794
1801 1495
1802 568
1802 1167
1803 130
1804 361
1804 907
1804 1141
1804 2015
1808 1619
1809 1
1809 1836
1810 799
1810 1406
1810 1445
1811 503
1811 1547
1811 1557
1812 1011
1812 1444
1815 1719
1816 30
1816 522
1816 1078
1816 1362
1817 340
1817 851
1817 1726
1818 331
1818 1257
1821 61
1821 1321
1821 1792
1822 624
1823 651
1823 1424
1823 1481
1824 704
1824 863
1824 1500
1825 453
1825 1756
1827 182
1830 231
1830 633
1830 1600
1831 948
1831 1032
1832 1208
1832 1400
1832 2013
1833 145
1833 511
1833 1080
1834 197
1834 297
1835 251
1835 1531
1835 1749
1836 1638
1837 1046
1837 1160
1837 1386
1837 1421
1838 1657
1840 755
1840 988
1841 1236
1841 1342
1841 1731
1842 1063
1843 225
1843 642
1843 1179
1843 1832
1843 1996
1844 499
1844 731
1845 1575
1845 1675
1845 1747
1846 629
1846 716
1846 1521
1847 209
1847 1342
1847 1532
1847 1941
1847 2008
1847 2041
1848 300
1848 1613
1849 39
1849 124
1849 851
1850 575
1850 1813
1851 302
1851 988
1851 1286
1851 1295
1851 1526
1853 1872
1854 621
1854 1281
1855 724
1855 2022
1856 742
1856 1014
1856 1503
1857 131
1858 837
1858 1061
1858 1112
1859 1203
1859 1774
1862 405
1862 854
1862 1077
1862 1147
1863 1081
1863 1356
1864 310
1864 639
1865 982
1866 1594
1867 286
1867 508
1869 605
1869 1528
1870 536
1871 1653
1871 1831
1872 792
1872 1211
1872 1377
1873 166
1873 1663
1873 2006
1875 1548
1876 368
1876 1449
1876 1538
1878 269
1878 316
1878 628
1879 494
1879 1446
1879 1808
1880 584
1880 587
1880 854
1881 270
1881 559
1881 646
1882 1335
1882 1823
1883 216
1883 1664
1884 1551
1884 1992
1885 183
1885 1221
1885 1611
1885 1751
1886 486
1887 1882
1888 987
1889 389
1889 838
1890 366
1890 492
1890 2019
1891 765
1893 548
1894 773
1895 1199
1895 1444
1895 1512
1896 216
1898 64
1898 88
1898 192
1898 1204
1898 1643
1899 33
1899 153
1899 1005
1899 1475
1901 129
1902 1243
1902 1642
1903 398
1903 786
1903 818
1903 1547
1903 1970
1904 338
1904 672
1904 784
1904 1669
1906 1285
1906 1867
1907 1965
1908 1308
1908 1395
1910 181
1910 1453
1911 1341
1912 348
1912 1343
1912 1362
1912 1524
1914 356
1914 771
1914 1352
1914 1980
1916 1428
1918 1085
1918 1671
1919 931
1919 1727
1920 223
1920 1776
1921 62
1921 844
1922 193
1922 1332
1923 1290
1923 1766
1923 1877
1924 887
1924 1366
1924 1768
1924 1852
1925 290
1925 570
1926 1045
1926 1216
1926 1352
1927 24
1927 617
1927 1331
1927 1680
1928 363
1928 1053
1929 720
1929 761
1930 213
1931 1458
1931 1539
1932 444
1932 786
1933 135
1933 1347
1933 1494
1934 160
1935 242
1936 274
1936 722
1936 1359
1936 1459
1936 1931
1937 1099
1937 1192
1938 547
1938 645
1938 682
1938 1982
1940 815
1940 876
1940 1099
1940 1437
1941 982
1941 1156
1941 1554
1942 393
1942 549
1942 619
1942 1033
1943 24
1943 849
1943 1526
1944 1550
1945 414
1945 1972
1946 947
1946 1934
1948 88
1948 177
1948 1524
1950 911
1950 1639
1951 819
1951 1244
1952 1467
1952 1664
1953 530
1954 304
1954 1212
1955 1267
1956 756
1956 943
1956 1530
1957 580
1958 22
1958 408
1958 1056
1958 1616
1958 1700
1958 1911
1959 1205
1959 1359
1960 379
1960 1252
1960 1416
1961 28
1961 445
1962 196
1962 2005
1964 415
1964 596
1964 991
1964 1597
1965 1731
1966 583
1966 937
1966 1697
1967 1092
1967 1135
1968 450
1968 662
1968 1285
1969 422
1969 617
1969 705
1969 1981
1970 303
1970 1040
1971 517
1971 1865
1972 402
1972 431
1972 1358
1973 245
1973 954
1975 692
1976 1285
1977 807
1978 1230
1979 17
1979 682
1979 1067
1981 716
1981 1142
1981 1251
1982 1345
1982 1508
1983 340
1983 363
1983 603
1983 1280
1984 1088
1984 1203
1985 62
1985 1009
1987 239
1987 1352
1987 1847
1988 461
1988 791
1988 919
1989 1212
1990 614
1991 751
1992 687
1992 1341
1993 140
1993 1021
1994 111
1994 1641
1995 235
1995 1334
1995 1952
1996 1472
1998 412
1998 478
1998 1477
1999 583
1999 760
2001 223
2001 759
2002 499
2002 1938
2003 845
2003 935
2003 1888
2004 1903
2005 1450
2006 530
2006 1170
2006 1802
2006 2007
2007 1214
2007 1942
2008 503
2008 693
2008 962
2008 1317
2008 1466
2009 298
2009 352
2009 690
2009 1084
2009 1273
2010 1982
2011 1793
2013 1763
2013 1956
2014 1156
2014 1207
2015 291
2015 615
2015 1470
2015 2040
2016 1520
2017 1426
2018 1200
2018 1547
2018 1729
2018 1843
2019 1867
2020 592
2022 235
2022 275
2022 725
2022 1679
2023 281
2023 331
2023 608
2023 683
2023 1676
2025 1722
2026 451
2027 1667
2027 1795
2029 1197
2029 1834
2030 722
2030 1851
2031 448
2031 513
2031 617
2031 1914
2032 1856
2034 254
2035 127
2035 650
2036 1914
2037 350
2037 431
2037 651
2037 752
2038 1843
2039 1475
2039 1920
2041 353
2041 571
2041 1192
2041 1347
2042 1302
2042 1480
2042 1670
2043 101
2043 332
2043 333
2043 1694
2043 1833
2044 601
2044 705
2044 1005
2044 1184
2046 195
2046 1605
2047 141
2047 230
2047 1625
2048 492
2048 1150
