2 1
3 1
3 2
3 559
3 1010
4 1
4 3
5 1
5 2
5 4
5 96
5 535
6 1
6 5
6 552
7 1
7 6
8 1
8 2
8 968
9 1
9 6
10 1
10 3
10 5
11 1
11 39
12 1
12 3
12 5
13 1
13 2
13 4
14 1
14 9
14 11
14 622
15 1
15 7
15 11
16 2
16 12
16 14
16 385
17 1
17 547
18 3
18 5
18 623
19 2
19 8
19 11
20 1
20 5
20 13
20 244
21 1
21 4
21 8
22 1
22 13
23 1
23 9
23 18
24 4
24 13
25 12
25 13
25 20
26 1
26 11
26 799
27 1
27 9
28 1
28 8
28 13
28 859
29 1
29 11
29 14
29 701
29 937
30 1
30 4
30 14
31 4
31 6
31 25
32 9
32 11
32 25
32 528
33 1
33 13
33 32
33 604
34 2
34 6
34 8
35 2
35 5
35 8
36 18
36 26
36 32
36 440
36 484
36 557
37 1
37 28
37 32
38 14
38 18
38 36
39 1
39 5
39 35
40 1
40 2
40 4
40 174
40 190
40 339
41 8
41 12
41 21
42 2
42 11
42 36
42 532
43 18
43 21
43 33
44 14
44 17
44 34
45 13
45 18
45 21
46 1
46 4
47 4
47 22
47 32
47 98
48 6
48 11
48 13
49 9
49 27
49 40
50 1
50 9
50 20
51 9
51 39
51 45
51 826
51 1003
52 1
52 9
52 15
53 2
53 13
53 18
53 97
53 207
53 985
54 1
54 3
55 3
55 25
55 26
56 18
56 48
56 54
57 26
57 33
57 35
57 226
58 34
58 48
58 51
59 5
59 8
59 26
59 675
60 13
60 16
60 41
61 1
61 40
61 42
61 642
62 17
62 35
63 34
63 36
63 54
64 1
64 28
64 56
65 1
65 2
65 32
66 28
66 32
66 48
67 13
67 47
67 62
68 2
68 14
68 30
69 1
69 18
69 31
70 8
70 18
70 33
71 1
71 24
71 51
72 1
72 21
72 40
72 232
73 11
73 18
73 44
74 1
74 4
74 32
75 11
75 14
75 22
76 1
76 25
77 57
77 60
77 61
78 2
78 14
78 36
78 521
78 658
79 14
79 59
79 70
80 25
80 38
80 77
81 1
81 32
81 37
82 23
82 32
82 70
83 1
83 13
83 36
83 1005
84 1
84 9
84 73
84 399
85 1
85 6
85 14
86 1
86 18
86 37
87 52
87 76
87 81
88 6
88 18
88 22
89 1
89 11
89 25
89 670
89 883
90 68
90 75
90 81
91 2
91 67
91 80
92 13
92 53
92 66
93 11
93 35
93 73
94 2
94 33
94 49
95 1
95 17
95 48
95 989
96 38
96 45
96 52
96 335
96 838
97 13
97 14
97 32
98 7
98 14
98 36
99 1
99 5
99 70
99 746
100 1
100 14
100 37
101 1
101 31
101 50
102 31
102 71
102 82
103 4
103 29
103 512
104 30
104 35
104 45
105 1
105 8
105 89
105 260
105 480
106 1
106 45
107 15
107 23
107 31
107 190
107 680
107 922
108 1
108 55
109 18
109 23
109 91
110 32
110 78
111 23
111 30
111 48
112 1
112 18
112 76
113 3
113 14
113 52
114 11
114 62
114 78
115 2
115 20
115 32
115 886
116 1
116 10
116 115
117 1
117 24
117 65
118 8
118 82
118 89
118 114
118 770
119 1
119 14
119 68
119 911
120 12
120 54
120 119
120 678
121 5
121 71
121 81
122 1
122 13
122 90
123 21
123 30
123 122
123 413
124 1
124 50
124 81
125 25
125 81
125 110
126 25
126 36
126 48
126 322
126 542
126 949
127 40
127 75
127 76
128 4
128 45
128 48
128 996
129 1
129 20
129 72
130 1
130 34
130 700
131 16
131 23
131 50
131 956
132 10
132 60
132 96
133 1
133 9
133 96
134 4
134 40
134 53
134 390
134 599
135 18
135 31
135 57
135 512
135 521
135 571
135 771
136 41
136 83
136 107
136 573
137 7
137 11
137 14
138 1
138 71
138 96
139 2
139 41
139 92
140 12
140 78
140 82
140 731
141 39
141 106
141 109
141 662
141 965
142 9
142 39
142 55
142 897
143 1
143 70
143 135
144 1
144 23
144 67
145 25
145 64
146 18
146 74
146 131
146 246
147 11
147 18
147 40
147 203
148 1
148 35
148 74
149 1
149 40
149 89
150 6
150 20
150 90
150 781
150 962
151 5
151 10
151 74
151 600
152 38
152 83
152 148
153 1
153 8
154 128
154 144
154 148
154 983
155 14
155 77
155 92
156 1
156 19
156 38
157 1
157 20
157 21
157 422
158 17
158 127
158 149
159 51
159 119
159 141
160 95
160 101
160 127
161 2
161 4
161 117
162 11
162 65
162 134
163 13
163 36
163 48
163 991
164 18
164 111
164 135
164 866
164 945
165 20
165 40
165 86
165 1022
166 20
166 110
166 129
167 5
167 22
167 54
168 13
168 52
168 79
169 1
169 103
169 117
170 2
170 4
170 78
171 32
171 147
171 167
172 55
172 60
172 107
173 4
173 95
173 138
174 26
174 29
174 159
174 461
175 6
175 78
175 87
175 443
176 14
176 42
176 102
177 1
177 33
177 99
177 452
178 91
178 113
178 174
179 1
179 78
179 135
180 4
180 18
180 61
180 718
180 813
181 32
181 37
181 174
182 3
182 11
182 14
183 77
183 139
183 157
184 1
184 103
185 18
185 28
185 62
185 349
186 2
186 82
186 90
187 48
187 65
187 91
187 769
188 17
188 38
188 171
189 66
189 82
189 185
190 18
190 33
190 148
190 154
191 4
191 5
191 39
192 40
192 42
192 159
193 14
193 90
193 175
194 19
194 51
194 144
194 800
195 4
195 11
195 193
196 4
196 32
196 194
197 1
197 4
197 145
197 153
197 288
198 32
198 36
198 74
199 40
199 105
199 157
200 14
200 117
200 136
200 167
200 473
201 9
201 107
201 199
201 694
202 11
202 28
202 163
202 553
203 40
203 49
203 199
204 6
204 38
204 62
204 391
205 66
205 67
205 114
205 177
205 780
206 39
206 132
206 163
207 1
207 129
207 153
208 11
208 133
208 175
209 1
209 13
209 53
210 3
210 162
210 174
211 1
211 137
211 179
212 91
212 183
212 197
213 8
213 20
213 24
213 649
214 5
214 37
214 59
214 660
215 61
215 79
215 80
216 4
216 20
216 48
216 524
216 874
217 51
217 54
217 113
217 548
218 25
218 48
218 149
218 371
219 103
219 148
219 162
219 860
220 1
220 4
220 974
221 14
221 36
221 167
222 1
222 31
222 196
223 96
223 103
223 107
223 237
224 30
224 98
224 132
224 612
225 122
225 153
225 211
226 82
226 205
226 214
226 703
227 1
227 20
227 83
227 152
228 1
228 33
228 98
229 38
229 89
229 218
230 76
230 84
230 158
230 710
231 2
231 33
231 139
231 258
232 36
232 40
232 51
233 89
233 128
233 135
234 1
234 31
234 68
235 3
235 5
235 24
236 1
236 32
236 215
237 7
237 29
237 135
238 54
238 190
238 201
239 3
239 13
239 103
239 422
240 7
240 14
240 138
241 34
241 91
241 151
242 1
242 102
242 200
243 36
243 73
243 169
244 1
244 57
245 50
245 91
245 93
246 1
246 56
246 143
246 737
247 149
247 177
247 195
248 35
248 209
248 229
249 60
249 68
249 198
249 969
250 18
250 194
250 235
251 14
251 31
251 40
251 964
252 35
252 76
252 207
253 104
253 197
253 251
253 492
254 68
254 78
254 127
255 1
255 70
256 58
256 136
256 165
256 191
257 14
257 96
257 205
258 24
258 58
258 187
259 92
259 102
259 197
260 200
260 203
260 216
261 10
261 102
261 104
261 229
262 38
262 45
262 141
263 26
263 31
263 108
264 58
264 115
264 137
264 195
265 10
265 149
265 234
266 36
266 102
266 201
267 49
267 85
267 89
267 144
267 745
267 925
267 951
268 1
268 5
268 96
268 575
269 24
269 93
269 143
270 18
270 21
270 167
270 648
271 30
271 37
271 227
272 1
272 37
272 125
273 14
273 21
273 64
274 77
274 96
274 127
275 23
275 119
275 156
275 905
276 2
276 4
276 5
276 387
277 21
277 25
277 52
278 213
278 221
278 251
278 797
279 2
279 4
279 107
279 449
280 16
280 47
280 185
281 1
281 128
281 254
282 40
282 52
282 102
283 78
283 122
283 431
284 6
284 182
284 217
285 4
285 103
285 125
285 149
286 11
286 154
286 269
287 32
287 83
287 144
287 629
288 110
288 122
288 208
288 350
288 584
289 55
289 83
289 111
290 102
290 109
290 138
291 1
291 26
291 268
292 11
292 78
292 175
293 11
293 123
293 167
293 864
294 28
294 32
294 226
295 15
295 102
295 261
296 27
296 103
296 160
297 5
297 14
297 139
297 967
298 8
298 45
298 150
298 387
298 922
299 1
299 5
299 175
300 167
300 206
300 226
300 896
301 26
301 64
301 153
302 1
302 10
302 174
303 30
303 41
303 91
304 15
304 34
304 90
304 678
305 39
305 237
305 283
306 30
306 53
306 80
307 18
307 40
307 98
307 409
308 1
308 49
308 77
308 393
309 92
309 173
309 182
309 801
310 86
310 90
310 143
310 189
311 34
311 193
311 212
311 931
312 1
312 2
312 135
313 54
313 144
313 258
314 11
314 18
314 310
315 5
315 37
315 65
315 852
316 41
316 141
316 190
317 29
317 32
318 102
318 283
318 294
318 591
319 1
319 243
319 252
320 1
320 26
320 36
321 18
321 25
321 110
321 685
322 32
322 96
322 155
323 14
323 32
323 104
324 76
324 145
324 188
325 37
325 38
325 89
326 63
326 87
326 155
327 11
327 157
327 224
327 356
328 1
328 18
328 78
329 13
329 45
329 293
329 502
330 6
330 11
330 15
331 6
331 10
331 30
331 324
332 1
332 9
332 50
332 761
333 60
333 167
333 204
334 64
334 142
334 177
335 11
335 32
335 65
336 14
336 70
336 81
337 6
337 36
337 78
338 14
338 108
338 128
338 589
339 11
339 35
339 76
339 973
339 1020
340 29
340 70
340 203
340 809
341 10
341 151
341 312
342 7
342 37
342 124
342 906
343 1
343 18
343 108
344 30
344 36
344 40
344 146
344 994
345 1
345 23
345 280
346 96
346 193
346 285
347 72
347 82
347 338
348 14
348 79
348 100
349 18
349 177
349 215
349 473
350 14
350 220
350 321
351 25
351 36
351 236
351 543
351 699
352 2
352 151
352 241
352 602
352 775
353 23
353 46
353 321
354 8
354 220
354 283
354 833
355 25
355 78
355 296
356 21
356 119
356 243
357 10
357 33
357 68
358 2
358 92
358 166
359 52
359 73
359 309
359 500
359 711
360 1
360 127
360 338
360 1014
361 3
361 5
361 128
361 471
361 521
362 70
362 87
363 23
363 68
363 133
363 965
364 17
364 24
364 125
365 32
365 41
365 73
366 80
366 313
366 322
366 896
367 23
367 71
367 799
368 12
368 80
368 177
369 25
369 39
369 49
369 723
370 1
370 90
370 368
371 13
371 68
371 105
372 50
372 104
372 146
372 836
373 2
373 103
373 149
374 1
374 2
374 26
374 220
374 735
375 50
375 93
375 228
375 892
376 41
376 260
376 319
376 663
377 2
377 11
377 135
378 45
378 141
378 203
379 75
379 110
379 146
380 33
380 270
380 290
380 331
380 389
381 133
381 224
381 329
381 718
382 36
382 174
382 188
383 15
383 30
383 275
384 1
384 54
384 278
385 1
385 89
385 246
385 710
386 1
386 80
386 347
387 22
387 166
387 309
388 32
388 64
388 117
389 63
389 204
389 364
389 777
390 70
390 229
390 237
391 2
391 223
391 255
392 64
392 167
392 304
392 338
393 24
393 127
393 190
394 77
394 285
394 331
394 652
395 141
395 167
395 304
395 374
396 4
396 19
396 127
397 30
397 183
397 321
397 1014
398 11
398 43
398 110
398 231
399 2
399 54
399 175
399 863
400 32
400 123
400 172
401 14
401 64
401 237
402 30
402 36
402 62
402 869
403 1
403 189
403 293
403 620
404 183
404 223
404 402
405 1
405 39
405 164
405 377
406 82
406 194
406 314
407 23
407 215
407 268
408 159
408 232
408 341
409 1
409 18
409 228
410 37
410 206
410 244
410 310
411 73
411 169
411 329
412 14
412 76
412 284
413 6
413 16
413 401
414 1
414 48
414 702
415 32
415 83
415 127
416 1
416 149
416 414
417 224
417 287
417 341
418 37
418 264
418 269
419 234
419 319
419 409
420 90
420 283
420 329
421 4
421 314
421 342
421 473
422 2
422 139
422 150
423 20
423 191
423 396
424 1
424 138
424 296
425 4
425 31
425 50
426 140
426 197
426 249
427 6
427 119
427 401
428 9
428 237
428 378
428 400
429 21
429 221
429 336
430 5
430 40
430 145
431 49
431 263
431 314
431 856
432 90
432 125
432 194
433 69
433 73
433 281
433 1004
434 13
434 101
434 204
435 1
435 54
435 283
436 1
436 34
436 203
436 324
436 511
437 1
437 6
437 77
438 14
438 32
438 218
438 724
439 1
439 9
439 160
440 42
440 275
440 410
440 984
441 155
441 232
441 340
442 1
442 27
442 144
443 241
443 305
443 374
443 375
444 29
444 71
444 199
445 1
445 27
445 32
446 4
446 96
446 142
446 908
447 2
447 46
447 338
448 36
448 89
448 284
449 8
449 105
449 279
450 40
450 261
450 430
451 29
451 73
451 76
452 1
452 109
452 329
452 435
452 943
453 13
453 119
453 226
454 1
454 77
454 102
455 1
455 31
455 69
456 15
456 58
456 111
456 407
457 24
457 81
457 218
458 12
458 110
458 198
459 349
459 418
459 423
460 21
460 158
460 364
460 981
461 140
461 214
461 344
461 849
462 6
462 14
462 34
463 54
463 68
463 208
463 317
464 48
464 153
464 285
464 582
464 686
465 4
465 135
465 440
465 452
465 979
466 237
466 271
466 341
467 18
467 191
467 402
468 20
468 75
468 318
469 22
469 125
469 329
470 18
470 40
470 360
471 34
471 253
471 316
471 951
472 27
472 89
472 159
473 104
473 343
473 362
474 13
474 21
474 169
474 712
475 2
475 34
475 48
476 372
476 408
476 465
477 1
477 40
477 287
478 16
478 31
478 206
479 5
479 135
479 416
480 13
480 319
480 358
480 893
481 317
481 338
481 432
481 850
482 95
482 105
482 361
482 1006
483 3
483 83
483 397
483 658
484 36
484 52
484 349
485 1
485 199
485 736
485 745
486 9
486 92
486 332
486 848
487 6
487 69
487 291
488 212
488 319
488 446
489 287
489 307
489 440
489 477
490 25
490 222
490 261
490 314
490 641
491 35
491 64
491 108
492 25
492 138
492 357
493 1
493 249
493 273
494 17
494 202
494 259
494 533
495 20
495 56
495 149
496 101
496 117
496 446
497 21
497 153
497 275
498 13
498 72
498 290
499 23
499 116
499 321
500 41
500 177
500 393
500 446
501 13
501 393
501 395
501 547
502 1
502 4
502 173
503 13
503 149
503 252
504 1
504 16
504 342
505 1
505 21
505 89
506 25
506 126
506 467
507 291
507 329
507 385
508 28
508 32
508 469
508 857
509 1
509 142
509 428
509 511
510 10
510 93
510 386
511 168
511 235
511 391
511 583
512 2
512 272
512 478
513 1
513 62
513 192
514 21
514 107
514 228
515 63
515 74
515 237
515 514
516 128
516 200
516 313
517 18
517 30
517 497
518 23
518 224
518 287
519 24
519 259
519 313
519 463
520 37
520 108
520 171
521 38
521 233
521 386
522 68
522 227
522 435
522 901
523 7
523 151
523 426
523 734
524 142
524 146
524 468
525 64
525 204
525 512
526 48
526 49
526 180
527 32
527 193
527 493
527 895
528 11
528 137
528 298
529 8
529 25
529 76
530 83
530 161
530 329
530 924
531 98
531 135
531 311
532 98
532 390
532 436
533 140
533 471
533 528
534 22
534 23
534 361
535 5
535 28
535 364
536 6
536 41
536 446
537 20
537 455
537 490
538 53
538 461
538 498
539 1
539 4
539 171
540 216
540 268
540 521
541 35
541 257
541 483
542 31
542 99
542 427
542 902
543 122
543 283
543 290
544 40
544 101
544 269
545 98
545 233
545 311
546 1
546 303
546 522
547 81
547 87
547 305
548 21
548 178
548 510
549 61
549 135
549 251
550 15
550 64
550 251
551 1
551 82
551 375
551 604
552 29
552 77
552 290
553 13
553 299
553 364
554 1
554 42
554 64
555 11
555 308
555 542
556 31
556 38
556 358
557 2
557 232
557 431
558 179
558 202
558 260
559 82
559 89
559 231
559 997
560 27
560 255
560 301
560 529
560 690
561 24
561 83
561 175
562 17
562 31
562 232
563 178
563 487
563 498
563 665
564 4
564 5
564 8
565 29
565 159
565 197
566 252
566 458
566 541
567 7
567 16
567 245
567 295
568 32
568 70
568 99
569 48
569 269
569 355
570 234
570 351
570 481
571 13
571 260
571 355
572 86
572 285
572 437
572 772
572 1021
573 285
573 361
573 569
574 25
574 41
574 256
574 272
575 156
575 241
575 279
575 581
576 7
576 57
576 344
577 1
577 17
577 20
578 128
578 231
578 410
579 115
579 526
579 539
580 18
580 294
580 339
581 18
581 471
581 543
582 49
582 101
582 454
582 861
583 165
583 235
583 278
584 3
584 106
584 157
584 586
585 2
585 49
585 220
586 1
586 133
587 75
587 78
587 90
588 2
588 18
588 185
589 343
589 546
589 549
590 6
590 50
590 104
590 822
591 4
591 8
591 212
592 1
592 167
593 79
593 386
593 510
593 1006
594 57
594 334
594 364
595 50
595 146
595 183
596 62
596 69
596 103
597 5
597 32
597 498
598 64
598 158
598 566
599 48
599 72
599 299
600 32
600 298
600 522
600 1015
601 27
601 182
601 218
602 1
602 434
602 478
602 827
602 935
603 117
603 286
603 287
603 703
604 31
604 153
604 507
605 38
605 103
605 197
606 3
606 37
606 522
607 1
607 21
607 456
608 1
608 8
608 47
609 20
609 32
609 451
609 460
610 193
610 230
610 370
610 860
611 169
611 352
611 457
611 694
612 18
612 199
612 525
613 65
613 542
613 557
613 896
614 17
614 404
614 597
615 40
615 327
615 344
615 651
615 736
616 1
616 201
616 424
616 518
617 104
617 116
617 500
618 31
618 74
618 215
619 26
619 53
619 385
619 790
620 79
620 460
620 553
621 18
621 37
621 153
621 511
622 18
622 111
622 215
623 1
623 140
623 520
624 82
624 281
624 516
624 593
625 11
625 71
625 156
626 7
626 359
626 423
627 147
627 192
627 400
627 907
628 1
628 137
628 594
629 1
629 103
629 313
630 3
630 18
630 214
630 523
631 300
631 391
631 614
632 1
632 86
632 532
633 8
633 13
633 457
633 661
634 21
634 498
634 546
635 13
635 101
635 391
635 493
636 197
636 470
636 609
637 28
637 76
637 329
637 381
638 11
638 14
638 433
639 5
639 88
639 200
639 503
640 177
640 418
640 497
640 579
641 56
641 78
641 259
641 561
642 110
642 237
642 243
643 11
643 26
643 407
644 362
644 435
644 553
645 20
645 119
645 501
645 636
646 136
646 317
646 322
646 547
646 904
647 1
647 39
647 167
648 3
648 117
648 122
648 611
649 1
649 13
649 364
650 135
650 200
650 577
651 70
651 200
651 592
652 102
652 103
652 210
653 98
653 444
653 448
654 5
654 251
654 405
655 1
655 20
655 172
656 1
656 51
656 144
657 13
657 25
657 289
658 32
658 101
658 521
659 23
659 29
659 105
660 192
660 313
660 504
661 255
661 293
661 329
662 91
662 150
663 16
663 278
663 418
664 422
664 511
664 540
665 161
665 204
665 496
666 18
666 410
666 513
666 734
667 62
667 219
667 437
668 284
668 368
668 400
669 89
669 285
669 571
670 37
670 76
670 656
670 678
670 811
671 1
671 510
671 552
672 34
672 216
672 511
672 681
673 36
673 239
673 531
673 890
674 42
674 197
674 512
674 619
675 10
675 71
675 255
676 204
676 284
676 405
677 17
677 18
677 509
678 7
678 13
678 509
679 2
679 53
679 636
680 123
680 239
680 253
680 406
680 473
680 871
681 63
681 225
681 284
681 468
682 75
682 237
682 475
683 5
683 266
683 625
684 21
684 74
684 253
685 16
685 432
685 525
686 10
686 31
686 553
687 20
687 122
687 159
688 9
688 65
688 317
689 86
689 201
689 245
689 577
690 2
690 73
690 432
691 1
691 51
691 327
691 408
691 535
692 96
692 101
692 578
692 896
693 37
693 348
693 684
694 8
694 441
694 539
695 1
695 275
695 622
696 8
696 21
696 106
697 10
697 126
697 327
697 422
697 797
698 294
698 358
698 403
698 695
699 119
699 252
699 598
699 661
700 111
700 195
700 624
701 113
701 233
701 434
701 760
702 167
702 392
702 474
702 628
703 23
703 83
703 217
704 1
704 413
704 506
705 29
705 332
705 598
706 119
706 126
706 361
707 1
707 329
707 356
708 27
708 208
708 251
709 1
709 219
709 517
710 200
710 301
710 340
711 1
711 275
711 317
712 32
712 344
712 595
712 831
713 15
713 40
713 89
714 83
714 285
714 290
715 38
715 495
715 538
715 772
716 1
716 10
716 459
717 319
717 451
717 457
718 1
718 126
718 366
719 34
719 37
719 690
720 234
720 355
720 677
721 119
721 370
721 555
722 7
722 204
722 497
722 861
723 17
723 34
723 619
723 913
724 18
724 209
724 503
724 737
725 1
725 49
725 102
726 23
726 66
726 68
727 24
727 148
727 431
727 685
727 779
728 2
728 129
728 712
728 1024
729 182
729 217
729 296
729 723
729 993
730 96
730 117
730 251
730 703
731 54
731 161
731 531
731 821
732 1
732 40
732 577
733 75
733 102
733 122
734 267
734 314
734 730
735 5
735 6
735 39
736 83
736 154
736 261
737 146
737 183
737 364
737 836
738 2
738 122
738 123
738 284
739 120
739 127
739 364
739 608
740 13
740 461
740 540
740 915
741 14
741 49
741 524
741 1005
742 418
742 580
742 601
743 55
743 212
743 553
744 35
744 153
744 230
745 98
745 144
745 176
746 28
746 292
746 505
747 122
747 478
747 660
748 74
748 101
748 721
748 777
748 935
749 2
749 314
749 616
750 80
750 185
750 550
750 737
751 73
751 87
751 422
752 25
752 77
752 162
752 465
753 4
753 36
753 237
754 30
754 222
754 724
755 2
755 163
755 180
756 106
756 200
756 444
756 883
757 11
757 275
757 719
757 980
758 225
758 239
758 338
758 436
758 984
759 1
759 23
759 370
759 635
760 18
760 45
760 282
761 245
761 657
761 675
762 434
762 439
762 529
762 659
763 146
763 451
763 500
764 40
764 52
764 68
764 997
765 34
765 38
765 99
766 14
766 56
766 702
767 13
767 531
767 757
768 11
768 85
768 311
768 568
769 2
769 64
769 84
769 666
769 772
770 4
770 7
770 220
770 818
770 894
770 1006
771 18
771 73
771 175
772 32
772 43
772 242
773 12
773 38
773 228
773 895
774 38
774 213
774 382
775 125
775 206
775 643
775 1001
776 11
776 162
776 598
776 744
777 25
777 32
777 767
778 339
778 468
778 579
778 725
778 765
779 70
779 79
779 198
779 929
780 27
780 350
780 479
781 8
781 451
781 658
781 997
782 65
782 135
782 457
783 4
783 110
783 756
784 113
784 373
784 582
785 1
785 308
785 333
786 358
786 405
786 487
786 894
787 1
787 167
787 386
788 10
788 76
788 447
788 752
789 41
789 212
789 429
789 437
789 880
790 95
790 162
790 558
790 1006
791 2
791 12
791 573
791 651
791 728
792 253
792 332
792 379
792 572
793 1
793 14
793 34
793 412
794 165
794 461
794 570
795 40
795 102
795 179
796 1
796 418
796 496
797 3
797 20
797 581
797 818
798 298
798 510
798 523
798 633
799 49
799 199
799 490
800 53
800 81
800 519
801 1
801 11
801 206
801 1023
802 35
802 350
802 370
803 17
803 198
803 588
804 57
804 61
804 89
804 737
805 367
805 427
805 451
805 662
806 16
806 52
806 345
807 123
807 232
807 238
808 155
808 392
808 746
809 7
809 314
809 439
810 13
810 102
810 220
810 243
811 5
811 226
811 403
812 14
812 41
812 670
812 726
812 738
812 951
813 102
813 176
813 361
814 7
814 8
814 38
814 722
815 49
815 279
815 310
816 29
816 209
816 703
816 771
816 1015
817 88
817 92
817 164
818 11
818 14
818 378
819 1
819 237
819 390
819 395
820 8
820 15
820 383
820 566
820 681
821 2
821 86
821 355
822 166
822 453
822 522
822 650
823 64
823 111
823 513
824 110
824 167
824 452
825 1
825 167
825 421
826 226
826 236
826 466
826 834
827 2
827 356
827 708
828 139
828 406
828 449
828 537
829 40
829 156
829 602
830 19
830 63
830 67
831 79
831 166
831 703
832 1
832 102
832 616
833 220
833 543
833 819
834 66
834 450
834 531
835 95
835 117
835 596
835 620
835 894
836 58
836 185
836 630
836 731
837 30
837 219
837 680
838 32
838 78
838 673
839 221
839 329
839 445
840 232
840 623
840 640
841 1
841 105
841 468
842 363
842 472
842 596
843 281
843 366
843 665
843 707
844 429
844 753
844 793
845 135
845 612
845 812
846 5
846 39
846 677
847 21
847 313
847 658
848 13
848 89
848 501
848 756
849 575
849 738
849 832
850 4
850 11
850 658
850 742
851 4
851 68
851 138
852 50
852 190
852 308
853 77
853 400
853 617
854 34
854 609
854 688
855 158
855 751
855 764
856 18
856 229
856 381
857 50
857 321
857 460
858 214
858 222
858 812
859 20
859 104
859 800
860 19
860 225
860 254
860 355
861 39
861 589
861 635
861 772
862 128
862 358
862 815
863 68
863 104
863 118
864 94
864 211
864 557
865 13
865 91
865 434
866 159
866 177
866 613
867 12
867 23
867 62
868 32
868 144
868 229
868 922
869 153
869 255
869 530
869 649
870 14
870 260
870 391
870 539
871 62
871 439
871 737
871 866
872 21
872 639
872 771
873 153
873 198
873 288
873 740
874 115
874 395
874 412
874 556
874 698
874 1001
875 16
875 40
875 224
876 287
876 310
876 474
877 31
877 274
877 357
877 498
877 1024
878 34
878 115
878 791
879 144
879 194
879 386
880 81
880 194
880 546
881 75
881 122
881 605
882 110
882 438
882 730
883 8
883 80
883 406
883 1005
884 32
884 75
884 592
884 710
885 1
885 146
885 208
886 77
886 92
886 314
886 421
887 53
887 169
887 323
888 268
888 709
888 774
889 212
889 263
889 333
890 287
890 334
890 764
890 887
891 1
891 320
891 339
892 62
892 144
892 888
893 73
893 81
893 812
894 26
894 32
894 383
894 509
894 893
895 141
895 362
895 673
896 63
896 332
896 480
896 892
897 206
897 470
897 788
897 801
898 25
898 314
898 548
899 101
899 549
899 738
899 786
900 178
900 348
900 702
901 1
901 42
901 107
902 18
902 130
902 889
903 13
903 362
903 579
903 820
904 1
904 26
904 318
905 41
905 403
905 869
906 32
906 189
906 827
907 418
907 674
907 704
907 888
908 10
908 40
908 91
908 397
909 85
909 254
909 612
909 708
910 90
910 341
910 515
911 14
911 18
911 26
911 616
912 18
912 56
912 340
913 233
913 333
913 717
914 4
914 40
914 754
915 78
915 329
915 513
915 979
915 994
916 45
916 594
916 868
916 949
917 87
917 454
917 845
918 1
918 370
918 696
919 181
919 208
919 688
920 5
920 55
920 134
920 851
920 925
921 104
921 505
921 590
921 650
921 984
922 328
922 434
922 629
922 1006
923 220
923 232
923 620
923 848
924 99
924 237
924 285
925 61
925 194
925 600
926 16
926 48
926 130
927 224
927 272
927 553
927 925
928 194
928 327
928 431
929 10
929 336
929 851
930 185
930 305
930 885
931 94
931 460
931 513
932 197
932 359
932 478
933 5
933 114
933 819
934 2
934 183
934 381
935 229
935 446
935 537
936 180
936 429
936 511
937 438
937 539
937 571
938 89
938 235
938 509
939 122
939 361
939 858
940 1
940 2
940 855
941 14
941 21
941 513
941 846
942 12
942 364
942 619
942 793
943 66
943 263
943 475
943 854
944 4
944 75
944 830
945 29
945 96
945 228
946 84
946 139
946 327
947 38
947 321
947 430
947 601
947 1023
948 333
948 438
948 759
949 41
949 156
949 170
949 364
949 832
950 5
950 64
950 341
950 528
951 546
951 606
951 719
952 3
952 161
952 439
953 120
953 788
953 841
954 165
954 261
954 939
955 1
955 28
955 33
956 13
956 674
957 112
957 486
957 522
957 558
957 621
958 13
958 15
958 609
959 77
959 194
959 538
960 327
960 329
960 468
961 1
961 344
961 739
962 115
962 291
962 647
962 893
963 67
963 242
963 609
964 79
964 404
964 931
964 942
965 2
965 7
965 13
966 347
966 507
966 778
967 5
967 250
967 588
968 14
968 238
968 407
969 77
969 249
969 774
970 1
970 121
970 386
970 610
971 18
971 45
971 267
971 961
972 418
972 469
972 552
973 97
973 406
973 447
973 781
974 2
974 45
974 873
975 2
975 202
975 366
976 51
976 128
976 690
977 171
977 456
977 874
978 235
978 243
978 926
979 101
979 284
979 290
980 19
980 406
980 943
981 66
981 404
981 447
982 1
982 2
982 40
983 11
983 15
983 311
983 650
984 11
984 18
984 223
984 893
985 28
985 167
985 456
986 297
986 333
986 978
987 260
987 319
987 661
988 89
988 285
988 434
989 261
989 745
989 755
989 782
990 198
990 575
990 971
991 23
991 229
991 577
992 267
992 421
992 559
992 885
993 3
993 6
993 65
993 652
993 798
994 238
994 481
994 662
994 907
995 103
995 192
995 510
996 654
996 753
996 767
997 1
997 21
997 537
997 825
998 1
998 109
998 658
999 73
999 269
999 950
1000 18
1000 21
1000 343
1001 113
1001 179
1001 928
1002 212
1002 328
1002 341
1002 367
1003 21
1003 347
1003 840
1004 319
1004 478
1004 916
1005 28
1005 225
1005 841
1006 1
1006 109
1006 402
1007 14
1007 180
1007 434
1008 40
1008 96
1008 494
1008 619
1008 912
1009 187
1009 772
1009 776
1009 865
1010 1
1010 87
1010 302
1010 481
1011 51
1011 495
1011 784
1011 1014
1012 2
1012 216
1012 443
1013 274
1013 275
1013 508
1014 52
1014 275
1014 516
1014 552
1015 1
1015 593
1015 917
1016 187
1016 199
1016 553
1016 647
1017 351
1017 370
1017 831
1017 834
1018 74
1018 450
1018 653
1018 894
1019 91
1019 280
1019 342
1019 528
1019 709
1019 856
1020 14
1020 678
1020 869
1021 5
1021 243
1021 869
1022 1
1022 372
1022 429
1023 24
1023 451
1023 966
1024 65
1024 182
1024 271
1024 453
