1 58
1 655
1 559
2 284
2 116
2 772
2 641
2 556
2 289
2 721
3 223
3 82
3 314
3 338
3 656
4 90
4 390
4 222
4 582
4 325
4 400
4 495
5 132
5 83
5 89
5 147
6 180
6 203
6 408
6 161
6 383
6 652
7 370
7 22
7 517
7 5
7 217
8 516
8 507
8 746
8 683
8 135
9 386
9 841
9 178
10 632
10 13
11 518
11 685
11 714
11 226
11 351
11 233
11 335
12 522
12 655
12 837
12 589
12 446
13 403
13 739
13 216
13 264
14 651
14 44
14 473
14 88
14 370
14 205
15 88
15 796
15 251
15 105
16 290
16 329
17 137
17 522
17 396
17 727
17 143
17 799
18 554
18 86
18 111
18 474
19 390
19 30
19 543
19 93
20 777
20 672
20 316
20 317
20 718
20 299
20 772
20 294
21 68
21 62
21 494
22 516
22 474
22 349
23 522
23 236
23 123
23 644
23 453
23 742
23 806
24 172
24 230
24 60
24 264
25 403
25 231
25 277
25 80
25 133
25 466
26 486
26 273
26 657
26 199
26 537
26 344
26 504
27 58
27 779
27 400
27 683
27 100
27 272
28 290
28 1
28 797
29 632
29 710
29 291
29 274
30 405
30 550
31 671
31 577
32 415
32 304
33 638
33 535
33 153
33 774
33 79
33 582
33 62
34 527
34 170
34 422
34 665
34 559
35 383
35 419
35 232
36 671
36 823
36 767
36 553
37 450
37 383
37 358
37 35
37 191
38 568
38 278
38 736
38 495
38 488
39 88
39 424
39 476
39 41
39 401
40 88
40 425
40 466
40 455
40 160
41 132
41 303
41 336
41 553
41 119
42 137
42 721
43 125
43 332
43 432
43 42
44 368
44 651
44 684
44 150
44 14
44 206
45 648
45 647
45 718
45 430
45 439
45 683
45 432
45 357
46 383
46 424
46 97
46 498
47 513
47 829
47 142
47 322
47 392
48 816
48 302
49 339
49 310
49 487
49 340
49 743
50 742
50 41
50 584
51 734
51 447
51 593
51 317
51 180
51 52
52 132
52 649
53 233
53 22
53 452
53 194
53 540
54 121
54 659
54 270
54 240
54 693
55 544
55 377
55 208
55 5
55 363
56 758
56 174
56 202
57 706
57 697
57 660
57 754
58 9
58 393
58 748
59 9
59 639
59 530
59 435
59 650
59 319
59 375
60 383
60 629
61 273
61 633
61 824
62 405
62 294
63 469
63 237
63 439
63 88
63 155
64 742
64 529
64 135
64 357
64 836
65 773
65 473
65 670
65 169
65 468
66 172
66 81
66 108
66 157
66 137
66 522
66 695
66 160
67 58
67 810
67 428
67 429
67 92
68 61
68 583
68 727
68 716
68 712
68 258
69 68
69 712
69 510
69 469
69 36
70 697
70 592
71 395
71 592
71 48
72 423
72 554
72 398
72 204
72 545
73 802
73 513
73 180
73 165
73 6
73 679
74 151
74 786
74 818
74 813
74 133
74 380
75 153
75 111
76 197
76 171
76 281
76 269
76 173
77 667
77 176
77 800
77 240
77 678
78 524
78 669
78 708
78 679
78 367
79 153
79 152
79 125
79 655
80 522
80 798
80 786
80 618
80 421
81 172
81 108
81 157
81 613
81 289
81 159
82 817
82 52
82 489
83 561
83 287
84 606
84 542
84 196
85 354
85 732
85 132
85 146
85 580
85 368
85 551
86 125
86 434
87 391
87 583
87 637
87 773
87 25
87 446
88 386
88 839
88 805
88 139
89 522
89 528
89 533
89 540
90 326
90 385
90 354
90 719
90 316
90 440
91 671
91 388
91 284
91 362
91 212
91 345
91 589
92 520
92 67
92 429
92 200
92 755
92 193
93 9
93 64
93 89
93 703
93 550
94 519
94 17
94 437
94 403
94 575
94 664
95 396
95 601
95 451
95 488
96 396
96 410
96 251
96 336
97 290
97 529
97 320
97 333
97 826
98 556
98 670
98 695
98 285
98 406
98 234
98 835
98 205
99 239
99 613
99 125
99 800
99 43
99 55
100 88
100 139
100 233
100 348
101 271
101 527
101 235
101 115
101 30
102 798
102 52
102 170
102 230
103 373
103 436
103 39
103 309
103 221
104 405
104 126
104 474
105 273
105 30
105 536
105 775
105 836
106 839
106 131
106 223
106 93
107 627
107 506
107 333
108 172
108 81
108 157
108 355
108 776
108 217
109 353
109 211
109 714
109 50
110 568
110 373
110 113
110 345
110 658
110 86
111 408
111 105
111 53
111 279
111 550
112 798
112 295
112 569
112 465
112 300
113 373
113 110
113 345
113 439
113 798
113 835
113 296
114 179
114 30
114 708
114 206
114 218
115 527
115 668
115 133
115 161
115 736
116 524
116 210
116 597
116 14
116 121
116 35
116 488
117 29
117 734
117 447
117 51
117 593
117 213
118 151
118 261
118 723
118 670
118 403
118 318
119 405
119 213
119 833
119 327
120 245
120 758
120 744
120 605
120 565
120 272
121 554
121 403
121 659
121 808
122 624
122 32
123 522
123 236
123 644
123 355
123 326
123 233
123 494
124 786
124 182
125 777
125 547
125 99
125 332
126 437
126 445
126 5
126 338
126 498
127 606
127 442
127 136
127 257
127 771
127 556
127 370
127 276
128 638
128 555
128 637
128 817
128 651
128 93
129 519
129 412
129 642
129 389
129 561
129 368
129 467
130 80
130 562
130 1
130 55
130 32
131 839
131 227
131 625
131 106
131 43
131 296
132 226
132 572
132 197
132 85
132 268
133 94
133 664
133 310
134 810
134 497
134 803
134 527
134 165
134 523
135 816
135 690
136 606
136 442
136 257
136 17
136 589
137 386
137 544
137 608
137 306
138 132
138 468
139 245
139 516
139 531
139 670
139 88
139 805
139 594
139 100
139 281
140 730
140 588
140 563
140 146
140 35
140 515
141 758
141 315
141 3
141 791
141 382
142 513
142 621
142 373
142 79
142 149
143 140
143 17
143 198
143 224
143 68
143 449
144 9
144 841
144 615
144 644
144 448
144 189
145 233
145 514
145 843
145 383
145 341
146 132
146 85
146 580
146 782
146 43
146 310
147 727
147 86
147 48
147 18
147 308
148 84
148 542
148 356
148 503
148 612
148 112
148 666
149 137
149 22
149 477
149 62
149 130
150 651
150 684
150 14
150 670
150 169
150 180
150 310
151 606
151 725
151 261
152 153
152 33
152 774
152 79
152 121
152 455
153 839
153 33
153 152
154 756
154 535
154 599
154 280
154 413
154 534
154 368
154 745
155 786
155 826
156 695
156 649
157 172
157 66
157 471
157 118
157 626
157 177
158 561
158 576
158 511
159 80
159 557
159 628
159 631
159 337
160 373
160 604
161 408
161 485
161 843
161 358
161 35
161 609
162 353
162 159
162 269
162 230
163 405
163 785
163 789
163 691
163 687
164 437
164 13
164 545
164 589
164 230
165 180
165 73
165 6
165 408
165 488
166 403
166 794
166 107
166 324
166 173
167 651
167 539
167 349
167 836
168 353
168 817
168 733
168 776
168 737
168 234
168 780
169 473
169 807
169 658
169 724
169 291
169 383
169 255
170 67
170 763
170 269
171 57
171 182
172 81
172 66
173 179
173 592
173 232
174 816
174 434
174 665
174 511
174 189
175 777
175 13
175 666
175 675
175 592
176 638
176 512
176 200
176 667
176 578
176 835
176 77
176 336
177 373
177 715
177 348
177 495
178 9
178 841
178 144
178 615
178 760
178 469
178 240
178 218
179 9
179 538
179 183
179 330
180 544
180 730
180 572
180 73
180 203
181 68
181 546
181 18
181 764
182 606
182 215
182 498
183 565
183 179
183 537
183 378
183 272
184 773
184 771
184 325
184 394
184 14
184 230
185 109
185 788
185 390
185 4
185 222
185 582
185 213
186 624
186 464
186 355
186 340
187 516
187 678
187 806
187 147
188 57
188 678
188 32
188 609
189 405
189 3
189 347
190 816
190 540
191 197
191 499
191 526
192 625
192 801
192 248
192 366
192 146
192 465
192 680
193 172
193 715
193 19
193 382
194 353
194 517
194 312
195 437
195 379
195 719
195 782
195 798
195 78
196 84
196 542
196 148
196 356
196 523
197 716
197 567
197 311
198 17
198 143
198 224
198 400
198 433
199 273
199 842
199 783
199 13
200 67
200 429
200 755
200 169
200 818
200 346
201 724
201 793
202 408
202 38
202 598
202 492
202 135
203 756
203 180
203 73
203 165
203 6
203 679
204 554
204 297
204 574
204 415
204 797
205 384
205 21
205 680
205 303
206 153
206 19
206 216
207 137
207 57
207 538
207 359
207 564
208 695
208 34
209 80
209 421
209 133
209 180
209 410
210 106
210 524
210 116
210 597
210 803
210 670
210 180
210 678
211 353
211 769
211 509
211 109
211 789
211 740
211 21
212 538
212 508
212 626
212 625
212 594
212 238
213 67
213 215
213 576
213 550
213 230
214 386
214 486
214 450
214 611
215 527
215 124
215 36
215 135
215 191
216 125
216 310
216 619
217 783
217 477
217 735
217 692
218 125
218 425
218 147
218 743
219 223
219 275
219 14
219 557
220 777
220 676
220 380
221 386
221 577
221 545
221 41
222 390
222 4
222 582
222 473
222 445
223 405
223 286
223 275
224 17
224 799
224 426
224 463
225 384
225 585
225 835
225 358
225 75
226 632
226 730
226 838
226 713
227 697
227 839
227 625
227 106
227 554
227 492
228 697
228 266
228 520
228 453
228 484
229 742
229 414
229 512
229 716
229 438
229 688
230 727
230 194
230 10
230 708
230 523
231 493
231 403
231 25
231 277
231 438
231 843
231 411
232 151
232 215
232 720
232 71
233 384
233 390
233 413
233 832
233 514
234 695
234 98
234 80
234 344
234 740
234 145
234 7
235 527
235 101
235 115
235 374
235 351
235 368
235 452
236 522
236 123
236 644
236 727
236 513
236 683
236 787
237 572
237 469
237 63
237 439
237 336
238 572
238 680
238 164
239 441
239 645
239 371
239 775
240 370
240 711
240 291
240 244
241 518
241 11
241 685
241 714
241 149
242 413
242 181
242 294
243 516
243 630
243 474
244 772
244 551
245 727
245 321
245 503
245 389
245 648
245 510
245 499
246 727
246 82
246 230
246 600
246 217
247 547
247 14
247 740
247 465
247 432
247 291
247 167
248 801
248 192
248 366
248 112
248 617
249 583
249 533
249 526
249 337
249 750
250 84
250 276
250 745
250 770
251 383
251 834
251 652
251 327
252 583
252 499
252 250
252 577
253 627
253 444
253 505
253 634
253 651
253 649
254 691
254 786
254 74
254 818
254 813
254 121
254 206
255 57
255 678
255 162
255 649
255 281
256 612
256 830
256 417
256 580
256 469
256 291
256 83
257 606
257 127
257 129
257 77
257 591
258 399
258 45
258 68
258 712
258 69
258 510
258 556
258 162
259 734
259 752
259 52
259 276
260 624
260 166
261 151
261 725
261 663
261 118
261 448
261 383
261 679
262 57
262 36
262 764
262 272
263 651
263 693
264 527
264 276
264 267
265 535
265 312
265 75
266 137
266 697
266 520
266 453
266 777
266 225
266 774
266 88
266 454
267 651
267 188
267 56
267 346
267 826
268 572
268 132
268 85
268 146
268 580
268 368
268 463
269 624
269 167
269 53
269 836
270 121
270 808
270 499
271 544
271 682
271 662
271 134
271 350
271 529
272 758
272 679
272 156
273 386
273 26
273 842
274 226
274 708
275 694
275 223
275 286
275 280
275 219
275 68
275 77
275 34
276 153
276 171
277 403
277 404
277 344
277 779
277 238
278 734
278 177
278 458
278 472
279 67
279 42
279 477
279 600
279 217
280 223
280 286
280 219
280 63
280 473
280 161
280 360
281 61
281 337
281 304
282 637
282 212
282 516
282 507
282 8
282 746
282 374
282 757
283 777
283 158
284 671
284 388
284 362
284 345
284 432
284 50
285 657
285 148
285 695
285 406
285 234
285 119
286 738
286 223
286 280
286 219
286 165
286 372
287 810
287 155
287 629
287 688
288 783
288 781
288 45
288 80
288 787
289 772
289 2
289 818
289 438
289 401
290 839
290 527
290 661
290 741
291 370
291 822
291 233
291 438
291 358
291 166
292 561
292 549
292 809
292 145
292 309
293 386
293 214
293 486
293 450
293 627
293 398
293 374
293 329
294 671
294 251
294 525
294 834
295 146
295 798
295 112
295 569
295 15
296 384
296 532
296 375
296 837
297 128
297 554
297 72
297 398
297 204
297 574
297 79
297 439
297 800
297 194
298 771
298 425
298 392
298 216
298 318
299 339
299 749
299 365
299 448
299 107
300 84
300 34
300 796
301 691
301 345
301 366
301 751
301 686
301 782
301 409
301 439
301 382
302 538
302 380
302 649
303 386
303 272
304 441
304 42
305 706
305 738
305 391
305 547
305 648
305 653
306 137
306 608
306 399
306 342
306 118
306 532
307 632
307 778
307 29
307 35
307 401
308 137
308 262
308 666
308 763
308 735
309 758
309 690
309 1
309 303
309 703
310 67
310 416
310 329
310 715
311 802
311 727
311 197
311 567
311 350
311 814
311 200
311 80
311 209
311 721
312 671
312 78
312 13
312 194
312 630
313 437
313 536
313 170
313 688
314 179
314 104
314 545
315 758
315 213
315 422
315 677
315 346
316 58
316 624
316 583
316 568
316 491
316 673
317 316
317 673
317 368
317 594
317 159
318 84
318 64
319 530
319 59
319 772
319 448
319 54
319 656
320 370
320 122
320 823
320 679
320 15
321 727
321 245
321 503
321 699
321 779
321 790
322 428
322 475
322 732
322 54
322 145
322 487
323 651
323 526
323 629
323 836
324 415
324 52
324 763
325 771
325 184
325 394
325 818
325 88
325 12
326 385
326 768
327 786
327 251
327 181
327 736
328 273
328 113
328 290
328 469
328 237
328 63
328 439
328 133
328 472
329 779
329 52
329 806
329 552
330 179
330 183
330 537
330 378
330 734
330 327
331 716
331 264
332 219
332 67
332 125
332 99
332 800
332 43
332 779
332 370
332 836
333 779
333 34
333 545
333 336
333 382
334 810
334 497
334 134
334 803
334 401
335 751
335 86
335 103
336 627
336 472
336 770
337 527
337 287
337 347
337 314
338 316
338 377
338 215
338 201
339 535
339 179
339 554
339 316
339 395
339 516
339 749
339 596
340 816
340 375
340 28
341 273
341 629
341 221
341 16
342 137
342 306
342 240
342 552
343 538
343 561
343 549
343 292
343 809
343 729
344 724
344 707
344 683
344 327
345 373
345 762
345 718
345 650
345 813
345 48
346 519
346 36
346 455
347 530
347 551
347 687
347 335
348 786
348 525
349 742
349 13
350 197
350 567
350 814
350 571
351 207
351 564
351 782
351 779
351 400
351 539
352 758
352 312
352 327
352 318
352 759
353 627
353 638
353 671
353 769
353 211
354 326
354 768
354 299
354 539
355 624
355 570
355 626
355 420
355 316
355 277
355 383
355 215
356 84
356 196
356 547
356 322
356 534
356 779
356 75
357 132
357 752
357 790
357 540
358 383
358 37
358 35
358 249
359 292
359 207
359 470
359 351
359 530
359 278
360 810
360 463
361 384
361 587
361 225
361 207
361 771
361 64
362 671
362 91
362 691
362 617
363 839
363 479
363 303
364 544
364 682
364 271
364 662
364 756
364 207
364 78
365 339
365 596
365 209
365 466
366 801
366 456
366 752
367 740
367 715
367 619
368 413
368 457
368 112
368 818
368 94
368 62
369 172
369 676
369 455
369 553
370 777
370 810
370 373
370 711
370 822
371 441
371 610
371 113
371 260
372 518
372 410
373 554
373 110
373 762
374 415
374 595
374 531
374 165
374 750
375 817
375 205
376 535
376 188
376 559
377 734
377 170
377 75
378 179
378 330
378 415
378 319
378 339
378 277
378 28
379 522
379 437
379 195
379 719
379 132
379 695
379 6
379 655
380 403
380 747
380 202
380 488
380 780
381 783
381 694
381 288
381 626
381 325
381 69
381 48
382 568
382 36
382 32
382 216
382 190
383 632
383 798
383 403
383 37
383 419
384 587
384 585
385 123
385 257
385 326
385 90
385 354
385 685
385 734
385 582
385 690
386 214
386 293
387 395
387 609
388 671
388 284
388 362
388 354
388 370
388 410
389 572
389 766
389 402
389 667
389 511
390 151
390 384
390 4
390 185
391 706
391 478
391 783
391 815
391 1
392 606
392 50
393 58
393 812
393 802
393 809
393 373
393 640
394 771
394 681
394 510
394 473
394 54
394 655
395 396
395 519
395 717
395 840
396 706
396 172
396 544
396 137
396 697
396 638
396 601
396 602
397 535
397 788
397 815
397 245
397 537
397 374
397 434
398 554
398 72
398 204
398 439
398 76
399 137
399 608
399 342
399 284
399 325
399 795
400 779
400 27
400 683
400 233
400 165
400 244
401 554
401 680
401 242
401 495
401 335
402 572
402 819
402 204
402 395
402 49
403 353
403 441
403 648
403 231
403 404
404 403
404 231
404 25
404 277
404 375
405 396
405 535
405 785
405 163
406 695
406 285
406 234
406 408
406 622
407 57
407 754
407 25
407 274
408 326
408 758
408 786
408 485
408 483
409 751
409 301
409 309
410 180
410 669
411 386
411 494
411 764
411 338
411 294
412 486
412 519
412 129
412 642
412 771
412 80
412 191
413 384
413 132
413 154
413 457
414 453
414 638
414 742
414 229
414 512
414 568
414 376
415 544
415 57
415 595
415 831
416 473
416 244
416 174
416 492
416 780
417 612
417 811
417 779
417 78
418 199
418 547
418 493
418 420
418 345
418 383
418 543
419 383
419 37
419 358
419 35
419 41
420 547
420 700
420 325
420 54
420 763
421 245
421 818
421 80
421 618
421 658
421 209
421 170
422 817
422 715
423 716
423 603
423 426
423 406
423 234
423 12
424 530
424 680
424 243
424 124
424 550
425 786
425 114
425 312
425 380
425 260
426 716
426 566
426 658
426 240
426 308
427 538
427 508
427 212
427 626
427 461
428 396
428 572
428 475
428 581
429 399
429 67
429 200
429 755
429 270
429 479
430 290
430 741
430 69
430 180
430 213
431 663
431 732
431 740
431 247
431 465
431 432
431 607
432 740
432 431
432 121
432 54
432 180
432 205
433 415
433 302
433 411
433 259
433 304
434 667
434 487
434 71
435 530
435 650
435 319
435 15
436 390
436 424
436 539
436 302
436 331
437 9
437 379
437 573
438 233
438 832
438 145
438 843
438 791
439 469
439 328
439 649
440 535
440 826
441 706
441 353
441 632
441 645
441 610
442 606
442 136
442 257
442 129
442 153
442 612
442 500
443 441
443 376
443 793
443 36
444 627
444 505
444 634
444 839
444 648
444 406
444 616
445 706
445 424
445 629
445 558
445 759
446 730
446 767
446 550
446 190
447 405
447 734
447 51
447 593
447 322
447 532
448 94
448 575
448 133
448 233
448 180
448 35
448 375
449 473
449 562
449 675
449 308
449 826
450 386
450 293
450 802
450 561
450 361
450 24
451 396
451 602
451 470
451 679
452 180
452 484
452 461
452 220
453 697
453 228
453 719
453 698
453 679
454 132
454 255
454 267
455 740
455 576
455 721
455 269
455 401
456 172
456 801
456 192
456 248
456 366
456 100
456 94
456 675
457 839
457 413
457 154
457 534
457 368
457 126
458 94
458 793
459 583
459 87
459 637
459 773
459 510
459 798
459 234
459 800
459 344
459 216
460 727
460 321
460 245
460 503
460 403
460 76
461 530
461 598
461 260
461 97
461 189
462 810
462 167
462 89
463 524
463 543
463 313
463 304
464 624
464 186
464 355
464 405
464 374
464 358
464 96
465 740
465 247
465 432
465 244
466 535
466 187
466 666
467 798
467 30
467 500
467 250
468 612
468 312
468 46
468 757
468 279
469 273
469 396
469 727
469 151
469 237
469 328
470 207
470 359
470 351
470 125
470 158
471 61
471 633
471 560
471 606
471 426
471 594
471 170
472 544
472 255
473 353
473 65
473 807
474 706
474 206
474 337
474 31
475 719
475 428
475 322
475 732
475 511
476 80
476 449
476 577
476 340
477 326
477 149
477 433
477 217
478 706
478 305
478 738
478 391
478 509
478 333
479 751
479 611
479 708
479 337
480 639
480 650
480 319
480 724
480 698
480 344
480 425
481 68
481 380
481 693
482 129
482 742
482 414
482 229
482 512
482 222
482 365
482 476
483 544
483 538
483 408
483 485
483 161
483 843
483 303
484 84
484 655
484 545
484 688
485 789
485 800
485 408
485 161
485 843
485 590
486 386
486 214
486 450
486 118
486 223
486 580
486 837
487 583
487 155
487 189
488 538
488 687
488 75
488 232
488 489
489 121
489 126
490 568
490 620
490 760
490 825
490 398
490 732
490 49
491 316
491 646
491 317
491 54
491 201
492 648
492 676
492 649
492 652
492 323
493 547
493 418
493 420
493 219
493 607
494 405
494 276
494 218
495 730
495 242
496 226
496 713
496 468
497 810
497 134
497 803
497 470
497 413
497 48
498 233
498 445
498 13
498 104
498 60
499 648
499 167
499 53
499 434
500 17
500 30
500 53
500 820
501 437
501 798
501 295
501 112
501 569
501 406
501 349
502 730
502 320
502 584
503 727
503 460
503 226
503 94
503 619
504 396
504 797
504 202
504 357
505 627
505 444
505 634
505 544
505 510
505 147
506 671
506 504
506 164
507 516
507 8
507 746
507 698
507 56
508 627
508 816
508 538
508 212
508 626
508 736
509 353
509 769
509 109
509 772
509 736
510 68
510 258
510 443
511 395
511 729
512 742
512 482
512 394
512 640
513 538
513 554
513 829
513 621
514 568
514 814
514 233
514 832
514 438
514 145
514 702
515 172
515 790
515 434
516 742
516 777
516 390
516 507
516 282
517 638
517 40
517 313
518 151
518 11
518 241
519 544
519 57
519 412
519 709
520 697
520 266
520 453
520 774
520 558
521 57
521 660
521 407
521 326
521 740
521 434
522 9
522 236
522 23
523 57
523 747
523 352
523 267
524 544
524 210
524 623
525 727
525 461
525 53
525 693
526 779
526 12
527 706
527 522
527 606
527 817
527 101
527 668
528 353
528 525
528 687
528 327
528 313
529 583
529 160
530 386
530 638
530 671
530 435
530 59
531 415
531 831
531 375
532 197
532 238
532 652
532 160
533 535
533 479
533 665
534 413
534 154
534 368
534 653
535 58
535 519
535 353
535 397
535 579
536 816
536 182
536 484
536 797
536 502
537 179
537 183
537 378
537 180
537 300
538 386
538 816
538 583
538 568
538 508
538 427
539 84
539 221
540 516
540 242
540 347
541 730
541 699
541 140
541 636
542 84
542 148
542 356
542 758
542 88
542 347
543 172
543 264
544 273
544 706
544 172
544 682
544 364
545 612
545 243
545 357
546 697
546 298
546 731
546 795
547 396
547 606
547 418
547 700
548 396
548 56
549 503
549 493
549 561
549 292
549 809
549 835
549 83
550 724
550 5
550 102
551 273
551 476
551 83
551 392
551 552
552 17
552 443
552 124
553 384
553 416
553 287
553 119
553 743
554 568
554 72
554 297
555 638
555 674
555 756
555 128
555 509
555 810
555 45
555 680
556 772
556 641
556 289
556 835
556 577
557 61
557 13
557 177
557 314
558 153
558 380
558 494
558 739
559 132
559 387
560 61
560 824
560 109
560 69
560 277
560 472
561 632
561 326
561 817
561 734
561 549
561 343
562 522
562 729
563 777
563 705
563 20
563 225
563 63
563 259
564 816
564 207
564 359
564 470
564 351
564 175
565 758
565 120
565 547
565 169
565 149
566 716
566 603
566 423
566 426
566 235
566 383
566 495
567 662
567 760
567 197
567 350
567 814
567 513
567 94
567 175
568 697
568 632
568 84
568 620
568 490
569 798
569 501
569 473
569 835
569 432
569 42
570 57
570 624
570 464
570 186
570 355
570 159
571 339
571 611
571 767
571 523
572 519
572 353
572 17
572 766
572 819
573 437
573 379
573 195
573 719
573 207
573 232
574 395
574 717
574 639
574 801
574 14
574 267
575 353
575 94
575 448
575 133
575 752
576 519
576 499
576 274
577 428
577 215
577 174
577 19
577 246
578 453
578 667
578 835
578 77
578 331
579 407
579 61
579 535
579 397
579 788
579 815
579 546
580 132
580 268
580 250
581 535
581 663
581 428
581 475
581 322
581 732
581 75
582 390
582 185
582 510
582 35
582 461
583 87
583 459
584 544
584 187
584 71
584 616
584 481
585 326
585 224
585 420
585 384
585 587
585 361
585 225
585 358
585 721
586 88
586 680
586 107
586 39
586 474
587 384
587 361
587 225
587 351
587 771
587 823
588 136
588 637
588 441
588 730
588 541
588 699
588 140
588 151
588 318
589 758
589 611
589 591
590 84
590 837
590 18
590 294
591 667
591 477
591 757
591 462
592 226
592 215
592 528
592 217
593 734
593 117
593 430
593 798
593 80
593 432
593 269
594 88
594 805
594 100
594 432
594 165
594 780
595 520
595 29
595 212
595 415
595 374
595 531
595 180
595 577
596 339
596 749
596 299
596 365
596 439
596 752
597 524
597 623
597 20
597 235
597 654
598 395
598 302
598 205
599 816
599 753
599 722
599 561
599 648
599 383
599 338
600 697
600 349
600 836
601 697
601 396
601 95
601 451
601 48
602 396
602 601
602 95
602 451
602 428
602 382
603 245
603 605
603 716
603 423
603 426
603 88
603 141
604 801
604 525
604 255
605 758
605 744
605 565
605 648
605 746
605 15
606 57
606 442
606 127
607 734
607 313
608 137
608 399
608 342
608 356
608 115
608 146
608 300
609 469
609 170
609 823
609 53
610 441
610 645
610 239
610 371
610 776
610 54
610 335
611 326
611 375
611 536
611 124
611 735
612 671
612 223
612 373
612 830
612 811
613 290
613 661
613 430
613 774
613 394
613 150
613 289
613 126
614 706
614 760
614 395
614 132
614 779
614 27
614 400
614 683
614 571
615 9
615 178
615 722
615 304
616 554
616 416
616 598
616 53
617 153
617 577
618 17
618 80
618 658
618 209
618 656
619 730
619 592
620 568
620 760
620 825
620 345
620 48
621 353
621 572
621 513
621 829
621 47
621 142
621 368
621 324
622 121
622 252
622 517
622 246
623 524
623 210
623 116
623 597
623 540
624 606
624 464
624 570
625 839
625 227
625 106
625 646
625 366
625 670
625 133
625 270
625 274
626 538
626 427
626 384
626 100
626 492
627 273
627 444
627 253
628 777
628 552
628 206
628 259
628 159
629 697
629 526
629 221
629 795
630 561
630 13
631 544
631 477
631 592
632 544
632 697
632 61
632 307
632 710
633 61
633 471
633 560
633 708
634 627
634 253
634 593
634 430
634 534
634 177
635 816
635 50
635 726
636 58
636 298
636 380
636 446
637 583
637 87
637 773
637 405
637 547
637 323
638 627
638 674
638 555
639 395
639 840
639 69
639 240
639 232
640 473
640 546
640 392
641 90
641 809
641 613
641 772
641 556
641 289
641 145
641 526
642 519
642 709
642 624
642 463
643 84
643 571
643 259
643 702
644 522
644 23
644 219
644 218
645 520
645 560
645 441
645 239
645 371
645 398
645 798
645 194
646 316
646 491
646 317
646 534
646 170
647 450
647 642
647 423
647 648
647 45
647 718
647 774
647 484
648 671
648 647
648 784
649 273
649 528
649 36
649 764
650 530
650 435
650 319
650 161
650 383
650 177
651 415
651 132
651 684
651 44
652 695
652 745
652 89
653 516
653 715
653 347
653 217
654 771
654 577
654 138
655 273
655 71
655 600
656 538
656 536
656 147
656 462
657 273
657 26
657 199
657 84
657 525
658 80
658 618
658 209
658 94
658 370
658 411
659 644
659 402
659 415
659 121
659 54
659 270
659 591
660 706
660 57
660 521
660 407
660 694
660 197
660 153
660 278
661 90
661 290
661 613
661 430
661 551
662 544
662 364
662 280
662 225
662 655
663 151
663 725
663 118
663 179
663 420
663 716
663 206
664 714
664 351
664 94
664 575
664 448
664 133
664 287
665 627
665 795
666 606
666 114
666 259
666 462
667 386
667 697
667 578
667 176
668 527
668 101
668 235
668 115
668 173
669 612
669 147
670 473
670 65
670 169
670 125
670 100
670 180
670 220
671 273
671 522
671 58
671 388
671 91
672 136
672 727
672 777
672 705
672 563
672 20
672 30
673 657
673 316
673 491
673 646
673 317
673 8
673 607
674 638
674 756
674 128
674 204
674 613
674 357
675 786
675 124
675 533
675 216
676 233
676 611
676 1
676 517
676 18
677 469
677 208
677 10
678 801
678 489
679 437
679 76
679 550
679 489
680 353
680 158
680 484
680 64
680 600
681 142
681 771
681 184
681 325
681 394
681 795
682 544
682 271
682 662
682 406
682 557
683 779
683 614
683 438
683 274
684 582
684 651
684 150
684 14
684 71
685 518
685 11
685 714
685 219
685 534
685 358
685 764
686 751
686 782
686 409
686 779
686 448
686 175
687 179
687 607
687 616
687 488
688 469
688 833
688 302
688 97
688 836
689 612
689 313
690 522
690 643
690 221
690 780
691 405
691 163
691 116
691 316
691 319
691 145
691 562
692 373
692 5
692 124
692 635
692 217
693 88
693 687
693 40
694 783
694 381
694 288
694 714
694 814
694 180
694 149
695 285
695 98
696 151
696 834
696 539
696 701
697 706
697 137
697 266
697 228
698 724
698 480
698 344
698 400
698 448
698 370
698 498
699 730
699 541
699 140
699 775
700 453
700 547
700 418
700 493
700 420
700 289
700 156
701 779
701 190
701 335
702 724
702 410
702 821
702 312
702 346
703 80
703 552
703 18
704 516
704 466
704 765
704 720
704 382
705 396
705 777
705 563
705 20
705 333
706 305
706 478
707 839
707 724
707 480
707 698
707 344
707 504
708 408
708 341
708 194
708 826
709 519
709 412
709 129
709 642
709 335
710 632
710 307
710 778
710 29
710 106
710 351
710 97
711 370
711 240
711 291
711 752
712 663
712 513
712 68
712 69
712 510
712 298
713 405
713 226
713 838
713 723
713 496
713 322
713 145
713 262
714 518
714 241
714 554
714 200
714 277
714 1
715 777
715 135
716 697
716 603
716 566
717 671
717 814
717 395
717 574
717 639
717 695
717 76
718 648
718 784
718 675
719 437
719 573
719 45
719 132
719 467
720 535
720 425
720 649
720 498
720 558
721 524
721 24
721 124
722 816
722 827
722 132
722 299
722 383
722 39
723 226
723 838
723 496
723 222
723 77
723 408
723 629
724 441
724 530
724 480
724 707
725 129
725 151
725 663
725 118
725 369
726 9
726 797
726 630
726 160
727 544
727 742
727 321
727 460
728 413
728 499
728 21
728 584
729 9
729 452
729 577
729 616
729 367
730 706
730 396
730 632
730 541
730 588
731 233
731 160
731 804
732 428
732 581
732 774
732 344
732 94
732 425
733 817
733 776
733 737
733 112
733 40
734 817
734 447
734 117
735 667
735 19
736 132
736 171
736 792
736 53
736 553
737 817
737 168
737 625
737 789
737 398
737 201
738 706
738 305
738 391
738 521
738 317
738 574
738 510
738 448
738 278
739 771
739 194
739 767
740 606
740 667
740 247
740 431
741 471
741 290
741 661
741 613
741 430
741 677
742 522
742 414
742 482
743 223
743 55
744 758
744 605
744 565
744 537
744 115
744 640
745 67
745 833
745 336
745 523
745 836
746 516
746 282
746 612
746 438
746 276
747 695
747 484
748 58
748 393
748 812
748 802
748 358
748 369
749 776
749 339
749 299
749 365
749 775
750 68
750 562
750 338
751 396
751 58
751 686
751 301
752 786
752 656
753 816
753 599
753 722
753 538
753 448
753 49
754 57
754 660
754 521
754 407
754 816
754 701
755 67
755 92
755 351
755 658
755 517
756 638
756 674
756 128
756 814
756 787
757 151
757 636
757 628
757 494
757 294
758 386
758 783
758 538
758 744
758 120
759 817
759 34
759 167
759 303
759 246
760 568
760 620
760 825
760 518
760 789
760 208
761 57
761 752
761 114
761 126
761 472
762 373
762 110
762 113
762 345
762 291
762 630
763 798
763 377
763 721
764 441
764 36
764 604
765 522
765 690
765 474
765 346
766 803
766 572
766 389
766 402
766 80
766 591
767 373
767 425
767 834
767 242
767 543
768 450
768 326
768 385
768 90
768 354
768 594
768 584
769 697
769 451
769 353
769 509
769 109
769 197
769 171
770 777
770 188
771 583
771 777
771 184
771 681
772 226
772 641
772 2
773 583
773 459
773 405
773 729
774 153
774 33
774 79
774 150
774 786
774 25
774 180
774 532
775 606
775 104
775 836
776 817
776 733
776 737
776 204
776 469
776 164
777 705
777 672
778 632
778 307
778 29
778 290
778 650
778 94
778 525
779 724
779 27
779 614
780 648
780 39
781 783
781 381
781 694
781 288
781 547
781 395
781 729
782 751
782 686
782 409
782 569
782 594
782 654
783 381
783 781
784 648
784 647
784 45
784 718
784 67
784 506
785 405
785 789
785 691
785 317
785 292
785 428
785 103
786 137
786 74
786 254
787 428
787 649
787 103
788 535
788 397
788 815
788 142
788 532
789 405
789 785
789 691
789 317
789 83
790 58
790 484
790 162
791 67
791 492
791 380
791 156
792 522
792 34
792 208
792 272
793 648
793 191
794 94
794 767
794 653
794 220
795 94
795 22
795 348
795 56
795 76
796 437
796 215
796 55
797 441
797 78
797 669
797 631
798 817
798 716
798 223
798 295
798 501
799 17
799 143
799 198
799 224
799 527
799 569
799 310
800 125
800 99
800 43
800 358
800 436
801 518
801 226
801 153
801 192
801 456
802 58
802 748
802 136
802 256
802 94
802 309
803 810
803 334
803 646
803 345
803 290
803 470
803 550
804 290
804 276
805 109
805 88
805 594
805 100
805 369
806 437
806 12
806 736
807 245
807 473
807 65
807 670
807 169
807 382
808 663
808 121
808 659
808 54
808 270
808 246
809 561
809 343
809 510
809 338
810 544
810 816
810 497
810 334
811 248
811 612
811 830
811 256
811 417
811 569
811 31
812 58
812 393
812 802
812 535
812 734
812 69
812 502
813 786
813 254
813 125
813 800
813 277
813 740
813 750
814 197
814 311
814 310
815 535
815 579
815 280
815 159
816 627
816 753
816 827
817 61
817 84
817 733
817 168
818 786
818 74
818 813
818 800
818 194
819 644
819 572
819 766
819 389
819 402
819 88
819 269
820 624
820 455
821 68
821 476
822 605
822 734
822 400
822 594
822 370
822 711
822 240
822 291
822 836
823 538
823 649
824 61
824 633
824 471
824 560
824 691
824 225
824 35
824 540
825 568
825 490
825 420
825 40
826 68
826 314
827 606
827 816
827 753
827 599
827 722
827 246
828 373
828 454
828 189
829 513
829 47
829 142
829 580
829 270
829 735
830 503
830 612
830 256
830 417
830 616
831 812
831 637
831 415
831 595
831 374
831 531
831 234
831 170
832 365
832 233
832 438
832 145
832 6
832 141
833 17
833 590
834 697
834 792
835 667
835 578
835 77
835 125
835 465
835 62
836 535
836 745
837 740
837 551
838 503
838 226
838 723
838 496
838 779
838 232
839 518
839 227
839 131
840 58
840 395
840 717
840 574
840 639
840 357
841 9
841 144
841 615
841 772
841 658
841 703
842 273
842 26
842 657
842 199
842 226
842 218
843 408
843 483
843 358
843 577
