1 1303
1 1695
2 1340
4 1174
5 309
5 1358
5 1811
6 1331
6 1712
7 871
7 979
7 1256
8 739
8 1080
8 1103
9 1418
9 1719
9 2011
10 240
10 320
10 1422
11 938
11 1780
12 1196
13 133
13 419
15 1525
16 1684
17 172
17 357
17 496
17 514
17 1387
17 1446
17 1661
17 1799
18 779
18 1130
18 1414
19 730
19 1768
20 1042
21 755
21 1559
22 794
22 1203
22 2016
24 437
24 621
24 1698
24 2008
25 728
26 110
26 243
26 432
26 697
26 897
27 269
27 389
27 858
28 212
28 1721
29 364
30 1232
30 1713
31 1699
31 1858
32 237
32 590
32 689
32 1410
33 1741
33 1802
34 449
34 1179
34 1251
35 193
35 220
35 359
35 430
36 1406
36 1616
37 1346
37 1954
38 1183
38 1468
39 364
39 1825
39 1873
40 1429
41 676
41 1306
41 1652
41 1931
42 1289
42 1398
42 1643
42 1823
43 554
43 626
44 510
44 656
44 1607
44 1632
44 1728
44 1830
45 1192
46 1877
47 748
47 879
47 1078
48 243
48 841
49 401
49 1131
49 1963
50 205
51 129
51 1102
51 1387
51 1660
51 1763
51 1848
51 1882
52 48
52 1734
53 27
53 97
53 949
53 1218
55 99
55 561
55 1536
56 1456
57 1646
58 203
58 2039
59 556
59 585
59 1117
60 724
60 1011
62 74
62 170
63 820
64 1478
65 20
65 798
66 579
66 955
66 1439
66 1479
67 1636
67 1985
68 1243
68 1570
68 1741
68 1967
70 447
71 633
71 1090
71 1760
72 711
72 973
75 1498
76 1639
77 335
77 1114
77 1757
78 1573
78 1948
79 1590
80 147
80 1343
80 1739
80 1978
81 244
81 1656
82 1078
84 173
84 1815
85 1188
85 1907
86 72
87 1140
87 1194
87 1544
88 142
88 1498
89 1391
90 1553
90 1614
91 260
91 1585
92 1405
92 1758
93 1111
93 1422
93 1846
93 1994
94 1669
94 1981
95 1966
96 723
96 1117
96 1834
96 2037
98 490
99 655
99 1069
100 1493
100 1835
101 1312
102 206
102 1056
102 1327
102 1529
103 583
103 1237
103 1250
103 1329
103 1879
104 112
104 390
105 190
105 394
105 1513
106 1056
107 619
107 1400
107 1692
108 161
108 587
108 645
108 1366
109 270
109 872
110 602
110 711
110 1017
113 289
114 252
114 544
114 1427
115 1448
115 1601
115 1722
116 575
116 1213
117 6
117 135
117 1401
118 384
118 789
119 2019
121 1040
121 1645
122 290
122 499
122 1349
123 2031
124 1895
124 2009
125 776
126 192
126 1718
127 230
127 639
127 893
127 1895
127 2009
128 994
128 2043
129 148
129 1369
130 500
131 4
132 255
132 1218
132 1710
134 754
134 1595
135 323
135 1233
136 130
136 1923
137 376
137 1553
139 272
139 757
139 835
139 1082
140 1764
140 1836
141 1970
142 1937
144 497
146 1079
147 1740
148 965
148 1433
148 1591
148 1798
150 2016
151 224
152 1262
153 1284
153 1447
153 1626
154 160
154 1777
156 1142
157 63
157 509
157 935
157 1720
158 839
158 1283
159 954
159 1461
160 6
160 39
160 551
161 365
161 549
161 1250
161 1592
162 316
162 646
162 1043
162 1066
162 1764
163 112
163 499
164 849
164 1872
165 41
165 92
166 1142
166 1583
169 313
169 917
170 733
170 970
171 1067
172 112
172 1379
172 1945
173 21
173 439
173 1065
174 1032
175 278
175 1121
175 1354
176 1560
177 1447
177 1996
178 1992
179 1728
180 781
180 1007
181 134
181 1066
181 1841
181 1963
182 1912
185 884
185 1741
186 609
186 1243
186 1538
186 1634
187 880
187 1932
189 491
189 710
189 1510
190 766
190 987
191 430
191 761
191 1825
192 705
192 1444
192 1472
192 1541
192 1842
193 417
193 1926
194 730
194 751
194 904
194 1860
195 291
195 1899
196 75
197 1345
197 1659
198 237
198 443
198 1157
198 1708
200 101
201 1311
201 1633
202 859
203 634
203 1243
203 1771
204 1197
204 1497
204 1688
205 518
205 1006
205 1191
206 1079
206 1258
207 260
207 1767
207 1902
208 906
208 1477
209 775
209 1601
210 1930
211 528
211 802
211 1700
212 855
212 1724
213 472
214 362
214 959
215 944
215 1110
215 1551
217 1407
219 447
219 1458
220 236
220 2028
221 434
221 1197
221 1822
221 2038
222 1177
223 391
223 682
224 463
225 510
226 239
226 1233
226 1828
227 1172
227 1553
227 1581
229 461
229 1866
230 523
232 1357
233 1156
233 1658
233 1935
233 1966
234 1457
234 1760
235 233
235 690
235 1532
235 1673
236 1022
236 1312
237 1421
237 1774
238 179
238 356
239 670
239 1031
240 415
241 675
241 791
241 1197
241 1217
242 1345
242 1404
242 1693
243 49
244 153
245 826
245 1936
246 611
246 763
247 1713
249 814
249 1557
250 1526
250 1810
251 504
253 222
253 299
253 1730
253 1761
253 1934
254 580
254 895
254 1334
255 356
255 968
256 132
256 836
256 1102
257 804
258 717
259 1316
259 1581
261 638
261 911
261 942
261 1108
261 2015
262 755
262 963
262 1340
262 1966
263 368
264 1166
265 160
265 574
266 1724
266 1848
267 1644
267 1877
268 902
268 1604
269 430
269 1743
270 224
270 761
270 1518
271 43
271 520
273 1908
274 29
274 1455
274 1679
275 1866
275 1991
276 436
276 1759
277 447
277 1200
277 1716
278 1284
279 172
280 1340
280 1349
280 1422
280 1812
281 510
281 880
281 1482
281 1905
282 629
282 706
282 1522
282 1552
283 1681
284 1099
284 1251
284 1805
284 2022
285 1000
285 1783
286 697
286 1620
287 1843
288 75
288 375
288 1313
288 1538
288 1599
288 2013
289 1831
289 1984
290 719
290 1773
290 2008
291 339
291 1168
292 680
292 997
292 1358
292 1798
294 1172
295 215
295 310
296 149
296 330
296 1683
296 1915
297 532
297 1441
297 1572
297 1608
297 1869
298 1525
300 234
300 859
300 1016
300 1567
301 502
301 848
301 1922
301 2001
302 36
302 458
302 1963
303 579
303 882
303 1377
304 13
304 1447
304 1624
305 1556
307 1039
308 43
308 442
308 1969
308 2048
309 175
309 650
310 123
310 290
310 1216
310 1597
311 773
312 674
312 1122
312 1599
312 1909
313 408
313 1947
314 1080
315 644
315 1212
315 1696
315 1902
315 1937
316 1066
317 12
317 873
317 1098
318 1405
319 578
320 774
320 1201
321 888
321 1311
321 1337
322 713
323 568
323 1922
324 958
324 1165
324 1717
325 574
325 751
327 1762
328 213
328 1023
329 926
329 1830
330 671
330 955
331 313
331 1548
332 642
332 1469
332 2014
333 105
333 265
333 774
333 995
333 1665
333 1751
334 328
335 139
335 478
335 649
336 188
336 882
336 1148
336 1246
336 1879
338 476
338 495
338 1142
339 302
339 739
339 1193
339 1808
339 1974
340 42
341 355
342 410
342 620
342 1539
342 1746
343 1997
344 1257
345 849
345 1170
346 1075
347 796
347 1589
347 2015
348 1075
348 1814
349 864
350 245
351 252
351 393
352 25
352 580
352 827
354 482
354 1462
354 1828
355 1942
357 130
357 895
357 1346
357 1364
357 1734
358 61
358 561
358 698
358 1073
358 1387
358 1932
360 172
360 579
360 1665
362 599
362 1571
363 1190
363 2028
364 67
364 1417
365 23
365 506
365 1556
367 707
367 1706
367 1794
367 2036
368 281
368 1495
368 1759
370 386
370 1713
371 26
371 300
371 551
371 644
371 952
371 1021
372 243
372 1171
373 219
374 1347
374 1501
374 1891
375 196
375 1064
375 1647
376 659
378 106
378 168
379 677
380 1088
380 1484
380 1911
381 79
381 140
381 365
382 894
383 1319
384 668
384 1836
384 1893
385 1007
385 1031
386 1703
388 39
388 1107
388 1513
388 1777
389 896
389 1119
390 83
390 1112
391 694
391 1248
392 1611
393 515
393 956
393 1388
393 1709
393 1903
394 298
394 386
394 814
395 663
395 961
395 1421
395 1508
396 305
396 423
397 1179
397 1702
398 1298
399 172
399 835
399 1919
400 829
400 1205
400 1618
401 1697
402 529
403 1715
403 1900
404 531
404 1323
404 1480
404 1982
405 272
405 1570
406 146
406 1137
406 1993
407 564
407 715
407 2036
408 203
410 609
410 824
412 544
412 1229
412 1844
413 127
413 474
414 485
414 2047
415 511
415 1487
415 2040
416 207
416 1259
417 1684
418 437
419 277
419 834
419 1090
419 1129
420 279
420 460
420 517
420 587
420 2020
421 278
422 401
422 464
422 1058
422 1339
423 1219
424 463
425 412
425 839
425 1438
425 1596
427 286
427 1116
427 1295
427 1304
427 2017
428 499
429 1869
430 636
431 970
432 361
432 396
432 1614
432 1754
433 287
433 861
433 1351
434 349
434 822
434 1458
435 72
435 295
435 938
435 1200
435 1758
436 1196
437 337
437 537
437 750
437 878
437 923
437 1629
438 439
439 1199
440 876
440 1335
440 1691
441 547
442 1352
443 32
444 1880
445 404
446 1378
446 1564
447 1494
448 284
448 421
448 649
448 1131
448 1414
449 90
449 967
449 1589
450 258
450 1285
450 1586
450 1611
450 1714
451 1794
452 1501
452 1525
453 869
453 919
453 955
453 1283
453 1838
453 1867
454 2015
455 315
455 869
456 149
456 380
457 9
457 86
457 1500
457 1952
458 139
458 1531
458 1602
460 48
460 684
461 435
461 473
461 506
461 1122
461 1128
461 1759
461 1795
462 1063
462 1516
463 82
463 526
464 138
464 183
464 1069
464 1326
465 289
465 406
465 1879
466 802
467 503
467 733
468 322
468 337
468 353
468 424
468 1712
469 1984
470 1072
474 1476
474 1744
475 731
476 621
476 634
477 768
477 2014
480 531
480 887
481 88
482 1192
482 1199
483 986
483 1590
483 1778
484 514
484 782
484 884
485 1947
486 1084
487 706
487 1167
487 1297
487 1496
487 1571
487 1577
487 1695
489 386
489 1376
489 1568
489 1821
490 197
490 1257
490 1405
490 1776
491 16
491 397
491 701
492 239
492 1263
492 1328
495 1438
495 1617
496 93
496 306
497 758
497 2015
498 1088
499 515
499 1428
499 1477
499 2010
500 163
500 1096
501 384
501 1172
501 1273
501 1987
502 1664
504 1232
505 1464
506 1961
507 900
507 1020
507 1027
507 1590
507 1753
507 1776
508 1423
509 794
509 1144
511 986
511 1055
512 750
512 1276
513 657
513 1976
514 343
514 1988
515 318
515 471
515 838
515 1077
515 1501
516 273
517 334
517 1219
519 591
520 1426
521 83
521 455
521 616
521 661
521 1765
521 1818
522 1960
523 672
523 832
523 1395
524 285
524 574
524 1113
525 194
525 715
525 958
525 1717
526 593
526 742
526 1493
527 205
527 774
528 326
528 856
528 960
528 981
528 1068
529 124
530 103
530 452
530 740
531 25
531 1641
531 1767
532 1279
533 174
533 663
533 822
535 1185
535 1703
537 135
537 805
538 313
538 1394
538 1510
539 982
539 1858
542 417
543 1153
543 1789
545 1110
546 1839
547 55
548 755
548 963
548 1765
549 152
549 203
549 756
549 1145
549 1543
549 1778
550 1343
550 1565
550 1779
551 170
551 1125
551 1785
552 2020
553 966
554 260
554 626
555 213
555 217
555 256
555 1899
556 1452
558 1611
560 1249
560 1691
561 218
561 1131
561 1518
562 1000
562 1159
562 1320
562 1990
563 1252
563 1343
563 1538
564 100
566 15
567 221
567 976
568 757
568 1871
569 737
569 1309
569 1773
570 474
570 484
570 968
570 1135
571 864
571 1408
573 1100
573 1122
573 1227
574 767
575 1513
576 95
576 439
576 1675
577 1491
577 1981
579 428
579 1718
579 1725
580 384
580 1257
580 1632
581 1641
582 709
582 1247
582 1539
585 170
586 128
586 610
586 1242
587 515
588 1300
589 544
589 1457
590 719
590 1511
590 1683
591 159
591 231
591 965
591 1478
592 1216
592 1735
592 1830
593 244
593 513
593 1611
594 375
594 528
594 1942
595 263
595 633
595 1330
595 1387
596 1615
597 73
597 462
597 1263
598 1840
598 2014
599 1324
600 374
600 1901
602 1994
603 1584
604 19
604 1571
606 572
606 617
606 1339
606 1393
606 1515
606 1825
608 198
608 681
608 1158
609 163
609 685
610 423
610 1244
610 1267
611 759
611 1810
613 1137
613 1800
614 1099
615 173
615 263
615 570
615 979
616 340
617 534
617 1070
617 1464
617 1708
618 882
618 1994
619 1431
620 375
620 594
620 2033
621 298
621 532
621 1486
622 522
622 1013
622 1215
622 1817
623 157
623 1019
623 1260
623 1887
624 1448
624 1552
625 1062
625 1143
625 1198
625 1199
625 1424
627 588
627 673
627 773
627 1166
629 1171
630 1072
630 1161
630 1436
630 1924
631 1621
632 1435
633 1649
633 1790
634 94
634 678
634 1501
635 1291
636 641
636 1911
637 840
638 784
638 1653
638 1695
639 730
639 901
639 1989
640 341
641 741
641 1237
641 1476
641 1496
642 322
642 946
642 1706
642 1728
643 1141
643 1181
643 1742
644 222
644 1410
644 1603
646 135
646 906
646 1807
647 840
647 978
647 1743
647 1899
649 1576
650 1295
650 1757
651 197
653 675
653 1082
653 1243
653 1759
654 1226
654 1684
654 1861
656 739
656 936
657 1157
658 916
658 1034
658 1483
659 574
659 1661
659 1779
660 544
660 682
660 822
661 388
661 726
661 937
661 1266
662 855
663 6
663 682
663 1907
666 353
666 1377
666 1597
667 100
667 579
667 1277
668 214
668 297
668 1532
669 737
669 1796
670 89
670 494
670 1343
670 1851
671 829
672 21
672 1353
672 1675
674 5
674 378
674 775
674 808
675 1727
676 1851
678 1065
679 1461
680 616
680 1159
680 1381
681 2
682 627
683 1637
683 1693
684 22
684 1701
685 324
685 1380
685 1450
686 592
686 1121
687 577
687 1228
687 1452
687 1510
688 234
689 784
689 1403
689 1487
689 1569
689 1791
689 1817
690 1791
691 845
691 896
694 214
694 975
695 189
695 929
695 1130
695 1189
697 1402
698 691
699 273
699 1787
700 79
700 388
703 17
703 268
703 421
703 1749
703 1930
704 112
704 754
705 868
705 1016
705 1983
706 1768
707 1853
709 1034
709 1991
710 224
710 254
710 1145
711 1028
711 1899
712 564
714 169
714 745
714 2017
715 297
715 741
715 1381
716 449
716 852
718 1799
719 115
719 199
719 737
719 1272
719 1978
720 220
720 300
720 626
721 909
721 2013
723 1589
724 1481
725 14
725 694
725 724
725 882
726 1635
727 1609
728 842
728 1971
729 1797
730 2011
731 929
732 1654
732 1748
732 1982
733 1172
734 1365
734 1986
735 1717
736 335
737 320
737 554
738 21
738 332
738 1280
738 1680
740 96
740 442
741 335
741 1372
742 35
742 397
742 1214
742 1483
742 1571
743 1020
744 165
746 313
746 342
747 999
749 70
749 373
751 30
751 201
751 420
751 815
751 1997
752 420
753 1080
753 1127
754 635
754 1419
755 317
755 1190
756 434
756 504
758 521
758 708
758 1011
758 1808
759 571
759 823
760 708
760 1014
760 1358
760 1391
762 838
762 987
762 1700
762 1943
765 321
765 505
765 707
765 1077
765 1346
766 66
766 450
767 1892
768 1061
768 1384
769 463
769 1095
769 1910
770 1308
770 1494
771 994
771 1514
773 856
773 1666
775 490
775 1359
776 1040
777 277
777 397
777 808
777 906
777 1931
777 2010
777 2019
777 2044
778 265
778 301
778 1210
778 1667
779 282
779 293
779 411
779 1959
780 901
781 1401
782 262
782 1144
782 1582
782 1716
782 1905
783 17
783 779
784 240
785 1699
785 1984
786 71
786 365
786 1008
786 1456
786 1878
787 905
788 1975
789 275
790 773
790 1293
791 276
792 358
792 1686
793 516
794 197
794 440
794 593
794 1134
795 59
795 289
795 899
796 490
798 443
798 909
798 1712
798 1846
799 411
799 1401
799 1675
800 923
801 122
801 263
801 270
801 1992
802 139
802 303
802 1958
803 574
803 734
804 88
804 306
804 707
805 89
805 293
805 1775
806 804
806 1268
806 1806
808 256
808 437
808 1707
808 1765
809 678
809 1400
809 2030
810 1700
810 1799
811 1155
812 515
813 759
814 1094
814 1715
814 1791
815 531
815 623
815 635
815 688
815 1043
815 1802
815 1844
816 1786
818 875
818 1107
818 1129
818 1673
819 1113
819 1137
819 1758
820 752
820 2000
821 463
821 742
822 231
822 501
822 1406
823 536
825 887
825 1089
825 1627
826 431
826 1158
826 1503
827 993
827 1090
828 435
830 1439
830 1927
830 2014
831 830
831 1987
834 1245
835 809
835 983
836 375
836 1171
836 1269
836 1344
836 1815
837 13
837 433
837 1748
837 1866
837 2008
838 439
838 1927
839 284
839 863
840 84
840 657
841 750
842 14
842 109
843 168
845 56
845 1005
845 1395
846 185
846 636
846 2036
847 352
847 417
847 1760
848 406
848 512
848 864
849 370
849 558
849 953
849 1109
849 1249
849 1407
849 1851
850 504
850 981
850 1076
850 1341
851 619
851 655
851 862
851 2016
852 741
852 756
853 919
853 1787
853 1838
854 371
854 929
854 1645
854 1741
855 618
855 834
855 1610
856 172
856 440
856 686
857 1119
857 1264
857 1786
857 1964
858 678
859 1009
859 1610
860 978
860 1042
861 147
861 599
861 1365
862 469
862 706
862 957
862 1562
864 352
864 519
864 786
865 459
865 752
868 11
868 1173
870 230
870 1295
870 1923
872 1503
872 1734
873 1048
874 87
874 660
874 1244
876 148
876 717
876 1611
878 472
878 1553
879 388
879 1133
880 832
880 1028
880 1245
880 1689
880 1706
880 1950
881 1260
881 1658
882 847
882 929
882 1289
882 1415
883 328
883 1878
884 404
884 576
884 758
885 1877
886 1937
887 1937
887 1960
888 686
888 758
888 1453
888 2034
889 1421
890 1299
892 426
892 651
892 929
892 1248
893 1253
893 1591
894 833
894 1446
894 1518
895 130
895 967
898 544
899 495
899 959
899 1855
900 99
900 1112
900 1943
901 353
902 867
902 986
903 822
905 442
905 848
906 778
906 848
906 1615
906 2014
907 339
907 935
908 125
908 169
908 702
908 1938
909 798
912 285
912 813
912 915
913 854
913 1551
914 865
914 1216
915 98
915 255
915 523
915 1545
916 308
916 647
916 973
916 1189
917 150
917 603
917 989
917 1172
917 1631
918 94
918 805
919 428
919 1830
920 229
920 1094
920 1185
920 1841
921 1005
922 819
922 2024
923 1938
924 265
924 856
924 915
924 1199
924 1499
925 61
925 346
926 1276
926 1660
927 418
927 672
928 235
928 478
928 777
929 93
929 274
929 1394
931 1023
932 42
932 1371
934 119
934 789
934 953
934 1742
935 646
935 1453
935 1491
935 1573
935 1737
936 808
936 1785
937 75
937 924
937 1465
937 1614
938 628
938 782
938 1015
939 1572
939 1586
940 514
940 591
941 1399
941 1632
942 1303
942 1393
943 1434
944 418
944 438
944 1122
944 2001
945 800
945 1140
946 753
946 1084
946 1657
946 1766
948 1228
949 85
949 772
949 1921
949 2004
950 231
950 369
950 917
951 6
951 94
952 659
952 1104
952 1415
952 1848
952 1871
954 476
954 723
955 317
956 191
956 1033
956 1072
956 1653
956 1712
957 971
957 994
958 851
958 1987
959 348
959 624
959 1333
959 1661
960 973
960 1285
960 1424
960 1916
961 887
962 358
962 1379
962 1553
962 1566
962 1649
962 1660
963 332
963 493
965 209
965 245
965 678
965 757
965 793
965 1516
966 77
966 130
966 1495
966 1889
967 764
967 980
968 2010
969 20
969 102
969 492
969 1334
969 1839
969 1844
970 843
970 910
970 1120
971 432
973 527
973 887
973 1859
975 15
975 325
975 1353
976 5
976 568
976 626
977 542
977 1852
978 1726
979 2009
980 570
980 992
980 1979
981 486
981 834
981 1484
982 1375
982 2035
983 222
983 751
983 1137
983 1528
984 35
984 117
984 1718
984 1807
984 1861
986 216
987 111
987 492
987 661
988 900
990 777
991 644
991 1167
991 2043
992 759
992 940
993 795
994 1303
995 1617
996 1962
997 1981
998 749
999 526
999 605
1002 930
1003 776
1003 1110
1004 1639
1005 1035
1006 814
1007 1399
1007 1615
1007 1705
1007 1721
1007 2036
1008 1882
1009 307
1009 1368
1012 285
1012 508
1012 1302
1012 1601
1012 1986
1014 273
1014 322
1014 1144
1016 722
1017 1602
1017 1900
1018 186
1018 625
1019 213
1019 544
1019 687
1019 705
1019 1301
1019 1912
1020 510
1021 233
1022 1864
1023 1872
1024 91
1024 1325
1024 1522
1024 1640
1025 582
1026 722
1026 834
1027 1247
1027 1588
1028 701
1028 1587
1028 1854
1029 284
1030 1432
1031 255
1032 765
1032 900
1032 1271
1032 1514
1033 1543
1033 1695
1033 1969
1034 70
1034 687
1034 1380
1037 406
1037 571
1037 981
1037 1445
1037 1735
1040 313
1040 1185
1042 209
1042 402
1043 89
1043 188
1043 1273
1043 1437
1043 1946
1044 735
1044 1877
1045 415
1045 417
1045 1364
1045 1375
1045 2043
1046 1464
1046 1764
1047 810
1047 977
1047 1139
1048 498
1048 1217
1049 197
1049 756
1049 1250
1050 542
1050 907
1050 965
1051 1062
1051 1575
1051 1984
1052 171
1052 225
1053 966
1053 1563
1053 1733
1055 115
1055 469
1056 265
1056 458
1056 1862
1057 339
1057 966
1057 1901
1059 491
1059 1584
1061 22
1061 308
1061 686
1061 1203
1061 1829
1062 63
1062 1077
1062 1279
1063 1230
1064 6
1064 192
1065 577
1065 1485
1066 174
1066 1956
1067 978
1067 1060
1067 1822
1068 109
1068 1578
1068 1706
1068 1870
1069 1023
1070 255
1070 486
1070 1208
1071 318
1072 754
1072 1667
1072 1899
1073 917
1073 936
1073 1309
1076 958
1076 1360
1078 708
1078 1069
1078 1085
1078 1508
1078 1912
1079 981
1079 1340
1079 1986
1080 493
1081 537
1081 712
1081 992
1082 334
1082 641
1082 720
1083 1093
1083 1173
1084 353
1084 933
1085 780
1085 1116
1085 1362
1086 604
1086 1578
1087 767
1087 1411
1087 1426
1088 367
1088 785
1088 1179
1088 1662
1089 156
1089 660
1091 32
1091 249
1091 1991
1092 322
1092 656
1092 1608
1093 356
1093 884
1093 911
1094 355
1096 544
1096 1247
1098 99
1098 1245
1099 1072
1099 1514
1099 1717
1100 482
1101 1146
1102 418
1102 757
1102 794
1102 1629
1103 1985
1104 753
1105 86
1105 182
1107 59
1107 505
1107 2037
1109 1612
1110 269
1111 430
1111 1739
1112 1485
1113 1036
1113 1038
1113 1486
1113 1608
1113 1763
1114 564
1114 1644
1115 1639
1117 288
1118 1583
1119 1828
1120 11
1120 1170
1120 1620
1121 377
1121 445
1121 618
1121 748
1121 1191
1121 1243
1121 1307
1121 1439
1121 1498
1121 1554
1122 232
1122 1949
1123 778
1123 848
1123 1354
1124 123
1124 406
1124 551
1125 386
1125 1378
1128 1283
1130 811
1130 938
1130 1144
1130 1614
1130 1986
1131 1408
1131 1728
1131 1999
1131 2010
1132 772
1133 344
1133 1716
1133 1785
1133 1833
1133 1925
1134 675
1135 149
1136 1038
1136 2034
1137 113
1138 1461
1138 1779
1138 1913
1139 36
1139 1221
1139 1589
1140 519
1141 352
1142 288
1142 899
1142 1610
1143 566
1143 1861
1144 1297
1144 1873
1145 500
1146 1418
1147 753
1147 2006
1148 1239
1148 1253
1148 1395
1149 1131
1149 1831
1150 503
1150 1107
1150 1485
1151 692
1151 1085
1151 1943
1152 310
1152 671
1152 1419
1152 1690
1153 144
1153 295
1153 296
1153 1339
1153 1947
1154 60
1154 288
1154 1284
1154 1722
1155 210
1155 1522
1156 1163
1157 1565
1158 1413
1159 43
1159 244
1159 383
1160 381
1160 1350
1160 1598
1161 1303
1161 1839
1162 300
1162 1267
1162 1686
1162 1991
1163 41
1163 978
1163 1908
1163 1973
1164 374
1164 545
1164 587
1164 804
1165 529
1165 860
1165 1316
1166 349
1166 510
1166 1249
1166 1650
1167 248
1167 674
1168 384
1168 1473
1168 1941
1169 1459
1169 1565
1170 1151
1170 1998
1172 1387
1173 252
1174 1887
1175 145
1175 922
1175 1876
1176 742
1176 940
1176 1469
1177 428
1177 723
1177 1230
1177 1397
1177 1554
1177 1880
1179 1129
1180 5
1180 77
1180 1024
1180 1302
1180 1835
1181 1295
1181 1671
1181 1673
1182 289
1183 1415
1183 1713
1184 1689
1185 667
1185 729
1185 1392
1188 847
1188 1135
1188 1704
1189 400
1189 854
1189 1316
1189 1598
1192 400
1192 1060
1192 1429
1193 801
1193 1190
1194 128
1194 609
1194 1082
1194 1470
1195 40
1195 1035
1195 1108
1197 575
1198 280
1198 1879
1199 1305
1201 94
1201 1974
1201 2010
1202 115
1202 1012
1202 1254
1203 474
1203 839
1203 1773
1203 1971
1204 83
1205 957
1205 1838
1205 1853
1207 169
1207 1631
1207 1759
1209 42
1209 1751
1210 2011
1211 1598
1212 956
1212 1557
1213 736
1213 1261
1213 1838
1213 1851
1213 2013
1214 901
1214 915
1215 639
1215 1010
1216 738
1216 1154
1217 921
1218 1365
1219 85
1219 534
1220 521
1221 457
1221 834
1221 1317
1222 1198
1222 1363
1223 1707
1224 1736
1226 182
1226 1441
1226 2016
1227 665
1227 1334
1227 1946
1229 644
1229 694
1229 1698
1230 109
1230 1037
1230 1580
1231 19
1231 848
1231 1867
1233 494
1233 1002
1233 1245
1234 1958
1235 102
1235 1558
1235 1948
1236 247
1236 333
1236 540
1236 866
1236 1000
1236 1125
1236 1354
1237 758
1237 874
1237 1050
1237 1308
1238 225
1238 690
1239 247
1239 1558
1241 1284
1241 1802
1242 563
1242 1547
1242 1973
1243 910
1243 1474
1243 1824
1244 1938
1248 161
1249 995
1250 382
1250 1535
1251 309
1251 422
1251 634
1251 1860
1252 162
1252 997
1252 1325
1253 690
1253 1006
1254 1076
1254 1423
1254 1507
1254 1702
1254 1801
1255 458
1255 1218
1255 1298
1256 375
1257 1227
1258 1015
1258 1215
1258 1740
1260 615
1260 1299
1260 1711
1261 188
1261 215
1261 395
1261 700
1263 290
1263 365
1264 1700
1265 612
1265 710
1265 1914
1266 323
1266 1182
1267 997
1268 418
1268 621
1268 1087
1269 1962
1269 2001
1269 2047
1270 782
1271 108
1271 1672
1271 1776
1271 1966
1273 510
1274 223
1274 1769
1276 1013
1277 501
1277 1968
1278 1177
1279 1231
1280 1671
1280 2018
1281 1088
1281 1466
1282 318
1282 1515
1283 72
1283 1809
1284 79
1284 1297
1284 1840
1285 725
1285 1923
1286 899
1287 276
1287 720
1287 1073
1288 1898
1289 1919
1290 1170
1290 1873
1291 240
1291 369
1291 570
1292 198
1292 481
1292 840
1292 1266
1292 1280
1292 1928
1293 639
1293 1312
1293 1725
1294 732
1295 846
1295 1425
1296 1752
1297 1063
1298 1493
1298 1692
1299 1031
1299 1475
1299 1739
1299 2036
1301 646
1301 1422
1301 1978
1303 1683
1303 1693
1303 1747
1304 102
1304 451
1304 560
1304 1618
1304 1619
1304 1797
1305 414
1306 446
1306 871
1307 409
1307 1379
1307 1559
1307 1977
1308 531
1308 641
1308 1243
1309 1468
1309 1710
1310 752
1310 1582
1311 34
1311 390
1311 1707
1312 1575
1313 160
1313 376
1313 1383
1313 1622
1314 207
1314 693
1315 715
1315 1000
1315 1971
1316 927
1317 119
1317 663
1317 976
1318 751
1319 1297
1319 1979
1320 1103
1320 1344
1320 1739
1321 521
1321 1649
1322 468
1322 1740
1323 1215
1324 261
1326 425
1328 744
1328 1554
1330 250
1330 1620
1330 1658
1330 1974
1331 1153
1331 1628
1332 1101
1332 2031
1333 1130
1334 755
1334 1493
1334 1749
1334 1853
1336 202
1336 1907
1337 1313
1338 483
1338 1646
1339 926
1340 1515
1341 838
1341 1809
1342 1718
1342 1884
1344 76
1344 190
1344 471
1344 1061
1344 1609
1344 1632
1345 204
1345 374
1345 443
1346 516
1346 1452
1347 728
1347 1817
1348 1229
1348 1902
1349 213
1349 467
1349 781
1349 1208
1349 1327
1349 1376
1350 824
1350 1348
1351 444
1352 231
1352 1052
1352 1071
1352 1205
1353 232
1353 556
1353 590
1353 1534
1353 1748
1354 24
1354 145
1354 979
1355 56
1355 340
1356 984
1357 1073
1357 1631
1357 2040
1359 229
1359 414
1359 1148
1359 1466
1359 1910
1360 942
1361 1501
1361 1540
1361 1807
1362 333
1362 2009
1362 2048
1363 430
1364 76
1364 85
1364 464
1364 1354
1365 262
1365 509
1367 135
1368 435
1369 254
1369 458
1369 761
1369 928
1369 1113
1369 1864
1370 824
1370 840
1370 1952
1371 909
1371 1121
1371 1221
1371 1549
1373 989
1374 358
1374 1357
1375 980
1375 2007
1376 29
1376 353
1376 667
1376 1351
1376 1935
1377 132
1377 247
1377 721
1378 421
1378 1199
1379 1689
1379 1758
1380 351
1380 442
1380 712
1381 17
1381 588
1383 890
1383 1330
1383 1829
1384 694
1385 1513
1386 221
1386 640
1387 1579
1387 1653
1388 1153
1388 1185
1390 375
1390 1736
1391 1704
1392 375
1392 630
1392 784
1392 1415
1393 18
1393 1201
1393 1806
1393 1910
1394 1591
1395 784
1395 1294
1396 858
1396 1030
1397 1887
1398 1655
1399 1553
1401 497
1402 305
1402 538
1402 714
1402 987
1402 1778
1404 1787
1405 503
1405 1014
1407 1267
1407 1768
1408 1042
1408 1447
1408 1610
1409 800
1410 371
1410 1275
1411 794
1411 951
1413 258
1413 716
1413 779
1413 1387
1413 1944
1415 380
1415 607
1415 1207
1415 1474
1415 1991
1416 814
1416 1079
1416 1221
1417 227
1417 256
1417 1401
1419 1641
1419 1816
1420 627
1420 1200
1421 168
1421 441
1421 1350
1422 633
1422 1512
1422 1872
1423 1983
1424 123
1424 649
1424 896
1425 136
1427 58
1427 774
1428 649
1428 689
1430 1440
1431 9
1431 443
1431 447
1431 484
1431 731
1431 1081
1432 1150
1432 1520
1432 1747
1433 417
1433 946
1433 1586
1434 339
1434 830
1434 1401
1435 458
1435 1690
1436 663
1437 468
1438 144
1438 1190
1439 183
1439 508
1439 1274
1439 1551
1440 495
1440 1843
1441 110
1441 1344
1442 1176
1442 1604
1443 120
1443 242
1443 907
1443 1025
1443 1225
1443 1910
1445 63
1445 1508
1446 733
1448 1739
1450 340
1451 302
1451 771
1451 986
1451 1044
1451 1119
1452 1690
1453 991
1453 1725
1454 1765
1455 1415
1457 701
1457 896
1457 994
1457 1909
1459 1109
1459 1289
1459 1968
1460 71
1460 269
1460 1423
1462 312
1462 1270
1462 1944
1463 803
1464 34
1464 523
1464 1758
1465 522
1465 622
1465 704
1465 1308
1465 1522
1466 1822
1466 1863
1467 1092
1467 1451
1468 927
1468 1212
1468 1890
1470 725
1470 829
1472 131
1474 173
1474 1048
1475 261
1476 656
1476 960
1476 1083
1476 1926
1477 595
1478 1525
1479 1575
1479 2001
1479 2003
1481 1497
1481 1678
1482 1980
1483 451
1483 1140
1483 1496
1484 1368
1484 1860
1485 675
1485 807
1486 307
1486 450
1486 1342
1486 1621
1486 1769
1487 1762
1487 1836
1488 1441
1489 424
1490 444
1490 744
1490 1838
1491 864
1492 179
1492 590
1493 577
1493 861
1493 1778
1493 1874
1494 508
1494 995
1495 241
1496 947
1496 1827
1497 174
1497 944
1497 1054
1497 1682
1498 334
1498 1920
1498 2047
1499 817
1499 1837
1499 1884
1499 1958
1500 164
1500 1305
1501 537
1501 2018
1502 1847
1505 1392
1505 1639
1507 531
1507 1950
1508 294
1509 67
1509 1224
1511 570
1511 1143
1511 1375
1512 373
1512 746
1512 1101
1513 541
1513 814
1514 721
1514 1312
1515 1881
1516 68
1516 1027
1518 435
1518 865
1520 521
1521 584
1521 1386
1521 1759
1522 109
1522 155
1522 644
1522 731
1523 1953
1525 720
1525 1074
1525 2024
1526 197
1526 199
1527 1728
1527 1835
1528 196
1528 1269
1528 1775
1529 19
1529 958
1529 1518
1530 269
1530 828
1530 1097
1531 1183
1531 1214
1531 1272
1532 20
1532 54
1532 107
1532 1263
1533 262
1533 451
1533 1986
1534 130
1534 662
1535 459
1535 1762
1535 1817
1536 1080
1537 172
1537 1178
1538 114
1538 1683
1539 461
1540 278
1540 339
1540 567
1540 917
1540 1171
1541 422
1541 1340
1542 484
1542 572
1542 1122
1542 2005
1544 338
1544 472
1544 495
1544 666
1545 450
1547 290
1547 922
1547 1908
1548 1024
1548 1403
1548 1434
1548 1871
1548 2028
1549 581
1549 631
1550 292
1550 1745
1551 390
1552 263
1552 1161
1552 1562
1552 1626
1553 1126
1556 413
1556 1045
1557 76
1558 1443
1558 1514
1558 1817
1559 483
1559 687
1559 902
1559 1204
1559 1874
1561 833
1562 2048
1563 1120
1563 1816
1564 202
1564 432
1564 661
1564 799
1566 1214
1567 577
1567 1256
1568 796
1569 1041
1570 245
1570 1148
1570 1713
1570 1876
1570 2004
1571 73
1571 774
1572 495
1573 226
1573 985
1573 1191
1574 593
1574 1110
1575 973
1576 1406
1577 1263
1577 1392
1578 1770
1580 1364
1580 1782
1581 938
1581 1135
1582 273
1582 474
1582 500
1583 355
1583 376
1583 595
1583 1248
1584 1001
1586 1615
1587 1262
1587 1310
1587 1793
1588 130
1590 1181
1590 1378
1591 634
1591 2028
1592 377
1592 587
1592 701
1592 1569
1594 720
1594 1793
1595 249
1595 1142
1595 1248
1595 2022
1595 2024
1596 119
1596 543
1596 1063
1598 1337
1599 210
1600 702
1600 1084
1602 468
1602 956
1602 1652
1603 208
1603 291
1604 998
1605 1069
1606 313
1606 1205
1607 923
1607 1112
1608 32
1608 416
1608 779
1608 1982
1608 2029
1610 338
1610 1208
1610 1607
1611 105
1611 516
1611 600
1611 822
1612 83
1612 723
1612 1951
1613 66
1613 693
1613 1231
1614 59
1615 1046
1615 1636
1615 2021
1616 668
1616 1275
1617 251
1617 917
1617 980
1617 1829
1618 774
1619 30
1619 1005
1619 1288
1619 1524
1620 426
1620 1580
1621 901
1621 1835
1622 36
1624 57
1624 164
1625 438
1625 490
1625 905
1625 1181
1626 1562
1627 1192
1627 1250
1627 1713
1628 1714
1629 666
1631 457
1631 753
1631 851
1631 1538
1631 1969
1632 558
1632 591
1632 1361
1632 1605
1634 93
1635 1622
1636 928
1636 1361
1637 510
1637 557
1637 920
1637 1172
1637 1523
1637 1602
1638 55
1638 487
1638 1282
1638 1589
1639 1146
1641 82
1641 254
1641 641
1641 739
1641 1960
1642 1299
1642 1471
1643 1828
1644 113
1645 867
1645 1363
1645 1559
1645 1990
1648 574
1648 1096
1648 1119
1649 363
1649 674
1649 847
1649 858
1649 1176
1650 1156
1652 319
1652 434
1654 1192
1654 1633
1654 1833
1655 1752
1656 557
1656 693
1657 403
1657 947
1657 1875
1657 1915
1658 840
1658 1515
1658 1953
1659 839
1659 864
1659 999
1659 1314
1660 650
1660 1672
1661 2005
1662 708
1662 1169
1662 1719
1663 111
1663 329
1663 736
1663 1152
1663 1713
1664 196
1664 476
1666 550
1667 299
1667 1306
1667 1364
1668 1022
1668 1133
1668 1390
1668 1955
1669 1069
1670 1472
1671 823
1672 510
1673 446
1673 985
1674 2
1674 1050
1675 964
1676 6
1676 613
1676 628
1676 640
1677 56
1677 767
1677 1775
1678 69
1678 164
1678 871
1678 1904
1679 263
1679 415
1679 791
1680 1424
1680 1507
1681 47
1681 413
1681 1495
1682 1696
1682 1848
1683 868
1684 323
1684 974
1685 606
1686 1861
1688 225
1688 465
1688 1698
1689 165
1689 366
1690 554
1690 1421
1690 1438
1691 842
1691 1296
1692 144
1692 1072
1693 1454
1695 1646
1696 397
1696 592
1697 1140
1698 1626
1699 667
1699 878
1699 1427
1701 538
1701 703
1702 1159
1702 1208
1703 483
1703 553
1703 1019
1703 1973
1705 1389
1706 202
1706 1780
1707 497
1707 1265
1707 1872
1708 1430
1709 262
1709 524
1709 2044
1711 539
1711 1368
1713 690
1713 1676
1714 1309
1714 1871
1715 24
1715 1138
1716 200
1716 337
1716 1417
1717 15
1717 1111
1717 2038
1719 1967
1720 997
1720 1967
1721 1956
1722 794
1722 1480
1723 207
1723 404
1723 1614
1723 1903
1724 1159
1724 1658
1725 141
1725 462
1725 1361
1725 1647
1726 85
1727 1273
1727 1469
1729 183
1729 1826
1730 940
1732 581
1732 1407
1732 1408
1732 1550
1734 213
1734 1185
1735 1730
1736 507
1736 560
1736 1264
1737 794
1738 568
1738 1167
1739 130
1740 361
1740 907
1740 1141
1740 2015
1744 1619
1745 1
1745 1836
1746 799
1746 1406
1746 1445
1747 503
1747 1547
1748 1011
1748 1444
1751 1719
1752 30
1752 522
1752 1078
1752 1362
1753 340
1753 851
1753 1726
1754 331
1754 1257
1757 61
1757 1321
1757 1793
1758 624
1759 651
1759 1481
1760 704
1760 863
1760 1500
1761 453
1761 1756
1763 182
1766 231
1766 633
1766 1600
1767 948
1767 1032
1768 1208
1768 1400
1768 2013
1769 145
1769 511
1769 1080
1770 197
1770 297
1771 251
1771 1531
1771 1749
1772 1638
1773 1046
1773 1160
1773 1386
1773 1421
1774 1657
1776 755
1776 988
1777 1236
1777 1342
1777 1731
1778 1063
1779 225
1779 642
1779 1179
1779 1833
1779 1996
1780 499
1780 731
1781 1575
1781 1675
1781 1747
1782 629
1782 716
1782 1521
1783 209
1783 1342
1783 1532
1783 1941
1783 2008
1783 2041
1784 300
1784 1613
1785 39
1785 851
1786 1814
1787 302
1787 988
1787 1286
1787 1295
1787 1526
1789 1872
1790 621
1790 1281
1791 724
1791 2022
1792 742
1792 1014
1792 1503
1793 131
1794 837
1794 1061
1794 1112
1795 1203
1795 1774
1798 405
1798 854
1798 1077
1798 1147
1799 1081
1799 1356
1800 310
1800 639
1801 982
1802 1594
1803 286
1803 508
1805 605
1805 1528
1806 536
1807 1653
1807 1832
1808 792
1808 1211
1808 1377
1809 166
1809 1663
1809 2006
1811 1548
1812 368
1812 1449
1812 1538
1814 269
1814 316
1815 494
1815 1446
1815 1808
1816 584
1816 587
1816 854
1817 559
1817 646
1818 1335
1818 1824
1819 216
1819 1664
1820 1551
1820 1992
1821 183
1821 1221
1821 1611
1821 1751
1822 486
1823 1883
1824 987
1826 366
1826 492
1826 2019
1827 765
1829 548
1831 1199
1831 1444
1831 1512
1832 216
1834 64
1834 88
1834 192
1834 1204
1834 1643
1835 33
1835 153
1835 1005
1835 1475
1838 1243
1838 1642
1839 398
1839 818
1839 1547
1839 1970
1840 338
1840 784
1840 1669
1842 1285
1842 1868
1843 1965
1844 1308
1844 1395
1846 181
1846 1453
1848 348
1848 1343
1848 1362
1848 1524
1850 356
1850 771
1850 1352
1850 1980
1852 1428
1854 1085
1854 1671
1855 1727
1856 223
1856 1776
1857 62
1857 844
1858 193
1859 1290
1859 1766
1859 1878
1860 887
1860 1366
1860 1768
1860 1852
1861 290
1862 1216
1862 1352
1863 24
1863 1331
1863 1680
1864 363
1864 1053
1865 720
1866 213
1867 1458
1867 1539
1868 444
1869 135
1869 1347
1869 1494
1870 160
1871 242
1872 274
1872 722
1872 1359
1872 1932
1873 1099
1873 1192
1874 547
1874 645
1874 682
1874 1982
1876 815
1876 876
1876 1099
1877 982
1877 1156
1877 1554
1878 549
1878 1033
1879 24
1879 849
1879 1526
1881 1972
1882 947
1882 1935
1884 177
1884 1524
1886 911
1886 1639
1887 819
1888 1664
1889 530
1890 304
1890 1212
1891 1267
1892 943
1892 1530
1893 580
1894 22
1894 408
1894 1056
1894 1700
1894 1912
1895 1205
1895 1359
1896 1252
1896 1416
1898 196
1898 2005
1900 415
1900 596
1900 991
1900 1597
1901 1731
1902 937
1902 1697
1903 1092
1903 1135
1904 450
1904 662
1904 1285
1905 422
1905 617
1905 705
1905 1981
1906 303
1907 517
1907 1865
1908 402
1909 245
1909 954
1912 1285
1913 807
1914 1230
1915 17
1915 682
1915 1067
1917 716
1917 1251
1918 1345
1918 1508
1919 340
1919 363
1919 603
1919 1280
1920 1203
1921 62
1921 1009
1923 1352
1923 1847
1924 461
1924 791
1924 919
1925 1212
1926 614
1927 751
1928 687
1928 1341
1929 140
1929 1021
1930 111
1930 1641
1931 235
1931 1334
1931 1953
1932 1472
1934 412
1934 478
1934 1477
1935 583
1935 760
1937 759
1938 499
1938 1939
1939 845
1939 935
1939 1888
1940 1903
1941 1450
1942 530
1942 1170
1942 1802
1942 2007
1943 1214
1943 1942
1944 503
1944 693
1944 962
1944 1317
1944 1466
1945 298
1945 352
1945 690
1945 1084
1945 1273
1947 1793
1949 1763
1950 1156
1950 1207
1951 291
1951 615
1951 1470
1951 2040
1952 1520
1953 1426
1954 1200
1954 1547
1954 1729
1954 1843
1955 1867
1956 592
1958 235
1958 275
1958 725
1958 1679
1959 281
1959 331
1959 608
1959 683
1959 1676
1961 1722
1962 451
1963 1667
1963 1795
1965 1197
1965 1834
1966 722
1966 1851
1967 448
1967 513
1967 617
1967 1914
1968 1856
1970 254
1971 127
1971 650
1972 1914
1973 350
1973 431
1973 651
1973 752
1974 1843
1975 1475
1975 1920
1977 353
1977 446
1977 571
1977 1192
1977 1347
1978 1302
1978 1480
1978 1670
1979 101
1979 332
1979 333
1979 1694
1979 1833
1980 601
1980 705
1980 1005
1980 1184
1982 195
1982 1605
1983 141
1983 230
1983 1625
1984 492
1984 1150
1984 1673
1985 932
1986 132
1986 1586
1987 1874
1988 728
1988 849
1988 896
1988 1973
1990 581
1990 1013
1991 277
1991 293
1992 742
1993 1875
1993 1968
1994 415
1994 587
1994 1158
1994 1357
1994 1538
1995 1412
1996 416
1997 313
1997 970
1997 1858
1997 2042
1998 827
1998 1172
1998 1378
1999 1386
2001 300
2001 1017
2001 1195
2002 910
2003 660
2003 1627
2004 614
2004 855
2004 1458
2005 284
2005 330
2005 680
2005 971
2006 1026
2006 1256
2008 1239
2009 126
2010 1160
2010 1491
2011 1324
2012 288
2012 406
2012 453
2012 1767
2013 490
2014 96
2014 474
2016 1541
2016 1739
2017 290
2018 419
2018 1008
2018 1405
2019 1171
2020 390
2020 1262
2021 1825
2022 869
2022 1003
2022 1445
2023 115
2023 632
2024 1293
2025 893
2026 263
2026 917
2027 1055
2027 1176
2027 1462
2027 1848
2027 1961
2028 93
2028 882
2028 1901
2029 2013
2030 1628
2030 1673
2034 46
2034 923
2034 1012
2034 1263
2034 1936
2035 447
2035 907
2037 1346
2038 317
2038 1049
2039 1266
2039 2046
2040 1860
2041 97
2042 477
2042 504
2043 1338
2043 1696
2044 1162
2046 1174
2047 1351
2048 740
