1 346
1 649
3 371
4 319
4 891
5 205
5 475
6 258
6 654
8 116
8 500
9 443
9 448
9 693
9 695
9 720
10 62
11 7
11 1000
12 78
12 597
13 114
14 478
14 621
14 946
15 447
15 704
15 874
17 327
18 806
19 78
19 845
20 219
20 782
21 355
21 431
21 504
21 593
22 236
22 446
22 811
23 34
25 44
25 130
25 363
25 416
25 707
25 866
26 443
26 773
27 190
27 711
27 1016
28 622
28 668
28 937
28 1014
29 540
29 737
30 68
30 98
30 943
31 820
31 941
32 426
32 465
32 660
33 436
33 625
33 825
34 49
34 91
34 109
34 916
35 337
35 808
37 328
37 835
37 862
37 923
38 914
38 970
39 299
39 982
40 221
40 573
40 723
41 284
42 277
42 348
42 442
42 463
43 24
44 141
45 563
45 1022
46 140
46 147
46 765
48 206
49 5
49 201
49 657
49 751
49 872
50 410
50 823
50 905
50 1004
51 624
54 375
54 922
55 440
55 906
56 398
56 848
56 1007
57 415
59 478
60 286
60 387
62 66
62 864
63 930
64 492
64 693
64 971
65 635
66 165
66 886
66 971
67 564
67 844
67 895
68 313
68 471
68 610
69 48
69 100
69 776
70 156
70 424
70 553
70 659
71 219
71 663
71 690
71 767
73 72
73 575
73 649
73 869
74 363
74 431
75 2
75 351
75 710
76 506
77 412
77 585
77 850
78 509
78 986
78 1015
79 195
79 561
80 57
80 224
80 475
80 761
80 1023
81 37
81 343
81 638
82 1
82 576
82 817
82 940
83 701
83 911
84 81
84 545
85 95
85 389
86 68
86 190
86 210
86 271
86 972
87 997
89 782
90 436
90 754
90 871
90 910
90 962
91 1016
93 322
93 407
93 553
93 957
94 798
95 16
95 128
95 235
95 431
96 240
96 366
96 514
96 523
97 138
97 313
97 592
97 773
97 779
98 28
98 126
98 981
99 11
99 23
99 798
99 908
101 78
101 230
102 268
102 541
102 857
103 6
103 111
103 267
103 770
104 70
104 281
104 339
104 902
105 363
105 1010
106 708
107 461
107 990
109 222
109 436
109 897
109 921
110 221
111 124
111 378
111 704
112 108
112 191
112 457
112 873
112 898
113 104
113 482
113 700
114 73
114 476
115 337
115 416
115 802
115 939
117 329
117 409
118 159
118 312
118 812
118 934
119 130
119 299
119 827
120 882
121 195
122 726
122 944
123 752
124 278
125 353
127 108
127 456
128 172
128 628
129 572
130 396
131 643
133 492
133 952
134 59
134 174
134 840
135 601
136 168
137 170
137 305
137 849
137 864
137 936
138 551
139 208
139 485
139 665
140 429
141 205
141 965
143 56
143 484
143 846
144 243
144 546
145 692
147 160
147 229
147 278
147 505
147 753
147 848
149 144
149 975
150 913
151 108
151 437
151 569
153 520
153 932
154 621
156 847
156 850
156 965
157 670
158 787
158 825
158 1018
159 251
159 447
159 687
159 917
160 462
160 532
161 956
162 293
162 762
162 852
162 962
165 133
165 468
166 571
166 727
166 767
167 126
167 213
167 501
167 627
167 1003
168 221
168 345
168 516
168 874
170 524
172 681
172 793
173 102
173 488
174 304
174 425
175 275
176 813
177 223
177 335
178 142
178 481
178 752
178 942
179 189
180 441
180 768
181 680
181 751
182 880
182 1016
183 195
183 250
183 417
183 595
184 35
184 120
184 560
184 733
184 824
184 982
185 636
185 798
186 185
186 453
186 494
186 523
187 89
187 615
187 667
188 500
189 213
189 293
189 781
190 200
190 505
190 781
191 217
191 574
192 98
192 519
193 633
193 878
195 33
195 225
195 337
195 342
195 434
195 528
195 687
195 781
196 657
197 662
197 905
198 508
198 530
198 867
199 127
199 390
200 427
200 583
200 886
202 7
202 75
202 138
202 574
202 805
203 849
203 985
204 49
208 331
208 679
208 971
208 986
209 938
210 523
210 891
211 281
211 534
211 790
212 915
213 129
213 240
213 348
213 587
213 609
213 716
214 356
214 378
215 296
215 837
216 43
216 209
216 481
216 720
216 814
216 917
217 425
218 883
219 68
219 394
219 549
219 797
220 141
221 719
223 32
223 118
223 1024
224 128
224 511
224 565
224 827
225 422
226 583
226 642
226 659
226 1017
227 613
227 777
228 306
229 210
229 360
230 325
230 505
232 244
233 72
233 215
233 718
234 74
234 236
234 301
234 811
235 85
235 134
235 231
235 622
236 732
236 846
237 137
237 850
238 982
239 857
240 584
240 618
240 675
240 795
240 866
241 23
241 834
241 909
242 888
242 894
243 217
243 322
244 79
245 3
245 22
245 376
245 895
246 684
247 109
247 118
247 127
247 441
248 780
250 126
250 597
250 619
250 940
251 497
253 948
254 671
255 504
256 645
257 811
257 812
258 247
258 398
258 445
258 641
258 734
259 488
259 784
260 177
260 293
260 394
260 425
261 97
261 393
261 827
261 864
262 4
262 175
262 573
262 828
262 844
264 536
264 589
265 785
266 358
266 370
266 503
266 554
267 319
267 498
267 928
268 820
269 367
269 1003
270 255
270 399
270 868
271 199
271 287
272 246
272 264
272 700
272 831
273 164
273 495
274 210
274 269
274 581
275 84
276 869
277 114
277 154
277 165
277 455
278 208
278 584
278 791
279 430
279 661
281 31
281 626
281 697
282 7
282 411
282 832
283 166
284 297
285 34
285 201
285 890
286 465
287 617
288 448
289 972
290 14
290 701
291 51
291 387
291 445
291 957
293 241
293 578
294 55
294 64
294 476
294 875
295 915
296 825
296 935
297 283
297 380
297 762
297 842
297 1010
298 314
298 385
298 538
299 517
300 244
300 980
301 631
301 634
301 796
302 353
303 281
303 308
304 379
304 537
304 623
304 931
305 496
306 107
306 430
306 609
307 411
307 690
307 824
307 897
309 545
310 129
311 365
311 692
311 933
312 40
312 58
312 241
312 370
312 970
313 61
313 129
313 607
313 645
313 998
314 66
314 333
314 348
314 916
315 19
315 116
315 317
316 606
318 397
319 861
320 562
320 683
322 453
323 284
323 451
324 44
324 66
324 143
325 134
325 268
325 367
325 428
326 661
326 1021
327 967
328 315
328 473
328 874
329 265
329 286
329 299
330 193
331 293
331 803
332 406
333 888
334 323
334 990
335 210
337 185
337 370
337 593
337 749
338 436
338 913
339 547
339 739
339 964
340 245
340 437
341 395
341 836
343 271
343 819
343 933
344 746
345 289
345 771
345 883
346 144
346 446
346 649
346 718
347 97
347 234
347 316
347 726
348 2
348 478
349 601
349 857
350 25
350 145
350 566
351 184
351 450
351 848
352 851
352 931
353 706
353 715
354 433
354 975
355 779
356 366
356 858
358 410
359 81
359 345
359 661
359 793
360 145
360 307
360 364
360 378
360 571
361 373
361 393
361 449
361 455
362 224
363 566
363 756
364 48
364 232
364 283
364 297
365 350
365 685
366 69
366 533
366 610
368 5
368 106
368 483
369 497
369 954
370 464
371 259
371 499
371 576
371 799
372 257
372 654
373 555
373 699
373 1017
374 185
374 345
374 725
376 29
376 50
376 318
376 495
376 568
376 669
377 504
378 883
379 4
379 181
380 723
380 1005
381 450
381 1015
382 232
382 926
382 949
383 293
383 854
383 1009
384 430
384 597
385 80
385 139
385 518
385 596
385 933
387 343
387 883
388 554
389 598
391 18
392 51
392 618
393 282
393 867
394 639
395 643
395 765
395 964
396 206
396 766
396 852
396 860
397 722
397 937
399 127
399 177
399 336
399 625
400 778
400 858
402 378
403 214
404 340
405 70
405 503
405 512
405 588
405 815
405 929
406 71
406 74
406 103
407 578
407 989
409 426
409 877
409 982
411 69
411 836
413 129
413 562
413 623
414 225
415 740
415 941
417 68
417 499
417 588
418 144
418 184
418 535
418 589
418 689
419 445
419 714
419 829
420 577
420 622
420 939
420 954
421 937
421 962
422 289
423 786
423 941
423 960
424 156
424 462
425 789
426 278
426 284
427 638
427 864
428 134
429 222
429 272
430 273
430 622
431 872
431 994
434 203
434 246
434 607
434 848
435 994
436 71
436 216
437 540
439 349
439 1021
440 88
440 105
440 614
441 140
441 277
441 312
441 464
441 639
441 782
442 155
442 505
442 702
443 230
443 448
443 745
444 209
444 402
444 556
444 684
445 682
447 689
447 903
449 115
449 188
451 836
451 993
452 946
453 535
453 824
454 692
455 631
455 901
456 721
456 769
456 824
456 1000
457 315
457 414
457 725
457 835
457 866
458 470
458 657
458 702
459 997
460 485
460 684
460 876
460 1021
461 355
461 837
462 619
462 675
462 745
462 824
463 398
463 892
466 124
466 464
466 538
466 998
467 759
468 206
469 111
469 725
469 1016
470 85
470 234
471 200
472 584
472 716
472 741
473 388
473 729
473 817
474 25
474 64
474 131
474 590
474 756
474 810
475 151
475 247
475 293
475 408
475 536
476 457
476 973
478 741
478 812
479 16
479 927
480 105
480 572
480 632
480 707
481 348
483 543
483 751
484 373
484 393
484 434
484 959
485 19
485 670
486 396
486 661
487 408
488 358
488 622
488 793
489 200
489 701
489 784
489 954
490 820
491 480
491 571
491 742
492 678
492 974
492 980
493 632
494 80
494 781
494 940
496 87
496 415
496 834
496 991
497 222
497 602
497 857
497 901
497 904
497 927
499 53
499 190
499 198
499 532
499 886
500 191
500 245
500 1015
501 5
501 123
501 334
501 460
501 461
501 740
501 792
504 4
505 944
506 655
506 761
507 209
507 856
508 188
508 942
510 28
510 738
511 707
512 292
513 838
514 404
515 495
515 700
516 132
517 745
518 277
518 922
519 716
520 350
520 404
520 426
520 430
520 509
520 983
521 77
521 342
522 584
522 640
522 838
522 913
523 581
523 593
523 798
524 693
525 400
525 475
525 559
525 669
526 136
526 172
526 176
526 325
526 478
527 978
528 468
528 536
528 844
528 893
528 922
529 146
529 693
530 312
530 397
530 688
530 909
530 976
531 71
532 704
532 738
532 891
533 386
533 529
533 858
535 361
536 809
537 565
538 23
538 47
538 318
538 359
538 982
539 341
539 511
539 878
539 953
540 245
540 817
541 189
541 312
542 394
542 556
542 569
543 242
544 29
544 579
544 627
545 85
545 242
545 475
546 396
547 6
547 301
548 561
549 371
549 1001
550 455
550 539
550 980
552 929
553 234
555 690
555 780
555 784
558 746
560 353
561 39
561 165
562 63
562 498
562 593
562 677
562 914
563 221
563 228
564 824
565 537
565 824
566 268
566 378
566 429
566 633
567 286
567 617
567 702
567 920
568 701
569 22
569 46
570 15
570 127
571 403
571 580
572 435
573 259
573 260
573 371
573 441
573 654
573 923
574 410
575 908
576 457
576 515
576 805
576 917
577 95
577 155
577 374
577 388
577 570
578 195
578 338
579 344
580 833
582 502
582 706
583 86
583 446
583 682
584 1021
585 29
585 878
586 9
586 643
587 88
587 584
587 738
588 837
588 981
590 189
590 822
590 826
591 458
591 638
592 486
592 935
593 36
593 335
593 527
593 584
594 53
596 11
596 608
596 912
597 326
597 587
598 245
598 660
599 133
599 215
599 640
600 169
600 609
600 881
600 998
601 391
604 231
604 698
605 308
605 470
606 283
606 513
606 838
607 584
608 935
609 183
610 796
611 100
611 214
611 329
612 870
613 298
613 665
613 783
613 880
617 826
618 210
619 463
621 11
621 438
622 752
622 902
623 315
623 459
623 463
623 503
623 738
624 160
624 253
624 697
625 231
625 854
626 22
626 134
626 643
627 209
627 329
627 812
627 853
628 427
628 946
629 557
629 1016
630 166
630 334
630 486
631 174
631 424
631 772
631 907
632 5
633 124
633 1002
634 26
634 389
634 487
634 574
634 648
634 729
634 763
634 794
634 851
635 190
635 219
635 263
635 327
635 568
636 62
636 390
637 321
637 654
637 899
638 228
638 368
638 456
638 997
641 607
642 465
642 762
643 252
643 782
643 868
643 889
644 305
644 324
644 606
645 307
646 837
647 54
647 99
647 175
648 73
648 937
649 153
649 478
649 593
649 808
650 784
651 500
651 512
652 27
652 418
653 128
655 125
655 807
656 308
656 1017
657 891
658 532
658 837
658 972
659 481
660 69
661 480
661 805
661 981
662 723
662 833
662 994
663 160
663 696
664 212
664 950
665 266
666 435
666 509
667 162
668 625
668 917
668 962
669 104
669 730
670 390
670 644
671 427
671 701
672 9
672 98
673 40
673 346
673 405
673 686
674 179
674 250
674 493
674 745
675 30
675 166
675 244
675 700
676 325
676 849
676 947
677 131
677 412
677 629
678 577
679 618
680 699
680 901
681 574
681 917
681 927
682 289
682 407
682 788
682 1020
683 283
683 950
683 976
684 562
684 989
685 328
686 232
686 891
687 452
688 531
688 559
688 778
688 915
688 921
689 94
689 875
690 454
691 302
691 344
691 850
692 111
692 814
693 58
693 139
693 757
694 85
694 759
695 408
696 366
697 385
697 1015
697 1024
698 531
698 533
699 66
699 127
700 621
701 64
701 190
701 723
702 227
703 601
704 502
704 519
704 600
704 679
704 996
705 33
705 62
705 617
705 812
706 600
706 690
707 5
708 223
708 333
708 457
709 672
710 809
712 426
712 669
712 866
713 910
714 196
714 324
715 472
717 125
717 588
717 646
717 690
719 254
720 317
720 874
720 915
721 200
721 604
722 199
722 238
724 95
724 302
724 498
724 715
724 818
725 350
726 410
726 454
726 813
727 42
727 980
728 496
728 737
730 194
730 674
730 684
732 111
732 121
732 892
732 949
733 237
733 397
734 115
734 422
735 117
735 548
736 46
736 127
736 388
736 973
737 28
737 336
738 30
738 61
738 227
738 256
739 377
739 695
740 947
741 597
742 76
742 193
742 247
742 935
743 248
743 431
743 954
744 354
745 224
745 249
745 477
746 278
746 492
746 579
747 590
748 520
748 643
748 952
749 131
749 156
749 176
749 380
749 968
750 363
750 744
750 816
750 985
751 719
752 545
754 784
755 894
756 500
757 374
757 419
758 113
758 855
758 977
759 202
759 624
759 848
760 440
760 873
761 698
763 145
763 216
763 445
763 468
763 760
764 61
765 44
765 236
765 264
765 1024
766 205
766 459
771 17
772 344
772 605
772 788
773 136
773 204
774 470
777 347
777 440
777 539
777 551
779 561
780 561
781 5
781 787
782 296
782 525
782 828
783 66
783 113
784 115
784 454
785 933
786 597
786 654
786 741
786 805
787 335
787 633
788 630
789 113
790 73
790 477
790 864
791 145
791 585
791 949
792 578
792 903
793 282
794 615
794 773
795 874
795 891
795 967
797 209
798 562
798 677
800 711
801 941
801 1013
802 19
802 194
802 636
803 57
803 789
804 243
804 864
806 854
806 958
807 284
807 637
808 89
808 94
810 316
810 328
810 448
810 544
811 807
812 606
813 961
814 312
814 777
816 53
816 783
817 751
817 925
818 761
819 267
819 590
819 813
820 231
820 278
820 616
820 1020
821 915
822 129
822 150
822 692
822 1000
823 174
824 505
825 229
825 245
826 251
826 322
826 381
826 618
826 908
827 225
829 110
829 296
829 903
830 298
830 941
832 385
832 492
832 651
832 853
832 914
834 744
835 401
835 526
835 634
835 832
835 910
837 21
837 185
837 838
838 457
839 341
839 497
840 786
841 169
841 215
841 801
842 591
842 620
844 438
844 651
845 237
845 469
845 479
846 216
846 674
846 930
847 501
847 689
847 804
848 28
848 184
848 288
848 428
850 327
850 341
850 767
850 795
851 268
851 881
852 206
852 639
853 512
853 774
854 241
854 672
855 192
855 444
855 529
855 553
855 729
856 66
856 869
856 889
857 104
857 974
858 593
858 755
859 152
859 978
860 568
860 628
861 42
861 872
862 211
862 324
862 548
864 412
864 611
864 660
865 285
865 919
866 357
867 135
867 176
867 814
868 139
868 255
869 347
869 562
870 468
870 869
871 131
872 135
872 342
873 173
873 419
873 980
874 6
874 285
874 562
874 596
875 509
876 761
877 489
877 710
878 101
878 404
878 801
879 341
879 412
879 533
880 319
881 46
882 864
882 900
884 433
884 639
884 828
885 199
885 803
886 739
886 1016
888 917
889 1
889 459
889 863
890 387
892 430
892 642
892 781
892 852
893 85
893 213
893 826
895 15
896 163
896 728
899 570
899 670
900 1016
901 37
901 128
901 270
902 383
903 290
903 356
903 927
904 700
904 759
905 309
905 336
905 433
905 777
906 57
906 161
906 295
907 437
907 892
908 336
908 485
908 502
908 510
908 587
910 76
910 247
910 382
911 468
911 667
911 832
912 181
912 505
912 765
912 888
913 33
913 721
913 777
914 301
915 613
915 725
915 781
916 270
916 671
917 246
919 382
919 646
920 814
920 856
921 416
922 896
923 579
924 659
924 725
925 140
925 162
925 969
926 900
927 46
927 438
927 633
928 758
929 603
929 635
932 300
932 566
933 528
933 534
933 560
934 9
934 39
934 252
935 922
936 100
936 492
936 596
937 979
938 491
938 839
938 860
939 557
940 599
940 847
940 852
940 893
941 705
941 850
944 957
945 560
946 734
946 853
947 850
948 6
948 333
948 420
948 603
948 775
949 565
950 385
951 552
952 580
952 692
952 851
952 995
953 648
953 673
953 682
955 389
955 649
956 212
956 382
957 493
957 748
957 996
958 556
960 928
961 133
961 588
962 747
963 145
963 614
963 776
963 937
964 340
965 561
965 1014
966 616
966 759
966 911
967 746
967 936
968 273
968 284
968 624
969 155
970 612
971 62
971 239
972 833
973 202
974 5
974 171
974 267
975 179
975 313
975 889
976 85
976 91
976 813
978 462
978 627
978 710
978 742
980 188
980 847
981 255
981 540
982 488
982 880
983 615
983 881
984 190
986 212
986 234
986 988
987 644
987 962
987 1014
988 486
988 637
988 878
989 75
989 88
989 173
989 318
990 448
991 801
992 73
992 510
993 357
993 944
997 431
998 417
998 449
999 299
999 692
999 974
1000 479
1001 575
1002 32
1002 990
1003 88
1003 163
1003 188
1003 972
1004 480
1005 143
1005 837
1005 882
1006 84
1006 424
1006 458
1006 662
1006 763
1006 808
1007 913
1008 36
1008 58
1008 799
1009 233
1009 545
1010 469
1010 694
1010 724
1010 736
1010 1005
1011 657
1011 765
1012 70
1012 74
1013 469
1013 659
1014 353
1015 79
1015 243
1015 719
1015 805
1015 856
1017 75
1017 299
1017 739
1018 665
1018 876
1019 71
1019 243
1019 768
1020 821
1021 884
1022 331
1022 613
1023 536
1024 897
1024 946
