1 1380
1 1488
2 544
4 1987
5 515
5 1481
6 1975
7 579
7 1271
7 1511
8 271
8 1036
8 1514
9 325
9 816
9 1896
10 155
10 1191
11 2
11 705
11 1027
11 1081
11 1247
11 1510
11 1614
11 1742
12 566
13 124
13 127
14 886
14 1374
15 160
15 461
15 1995
17 1768
17 1786
18 722
18 731
18 828
18 1692
18 1779
18 1989
18 2000
19 244
20 740
21 27
21 225
21 543
22 120
22 1644
22 1949
23 307
23 974
23 1476
24 337
24 762
24 1449
25 452
25 843
25 1050
25 1441
26 692
26 931
27 1907
28 433
28 1735
29 1552
29 1785
29 1867
30 50
30 392
30 768
30 1448
33 1303
33 1695
34 1340
34 1375
36 1174
37 309
37 1358
37 1811
38 1331
38 1712
39 871
39 979
39 1256
40 739
40 1028
40 1080
40 1103
40 1294
41 1418
41 1719
41 2011
42 240
42 320
42 1422
43 938
43 1780
44 1196
45 133
45 419
47 1525
48 293
48 1684
49 172
49 357
49 496
49 514
49 1198
49 1387
49 1446
49 1661
49 1799
50 779
50 1130
50 1414
51 730
51 1768
52 702
52 956
52 1042
53 137
53 525
53 755
53 1559
54 794
54 1203
54 2016
55 109
55 433
55 964
56 290
56 437
56 621
56 735
56 1698
56 2008
57 728
58 110
58 243
58 432
58 697
58 897
59 269
59 389
59 858
60 212
60 1319
60 1721
61 364
62 390
62 1232
62 1713
63 1699
63 1858
63 1897
64 36
64 237
64 312
64 590
64 689
64 1005
64 1410
65 1741
65 1802
66 449
66 1179
66 1251
67 193
67 220
67 359
67 430
68 1406
68 1616
69 1346
69 1954
70 1183
70 1468
71 364
71 1825
71 1873
72 1429
73 676
73 1306
73 1652
73 1931
74 1289
74 1398
74 1643
74 1772
74 1823
75 554
75 626
76 510
76 656
76 1607
76 1632
76 1728
76 1830
76 1917
77 1069
77 1192
78 617
78 1877
79 748
79 879
79 1078
80 243
80 841
80 1688
81 401
81 1131
81 1963
82 205
83 129
83 1102
83 1387
83 1660
83 1763
83 1848
83 1882
84 48
84 1734
85 27
85 97
85 949
85 1218
85 1762
87 99
87 561
87 1536
88 1456
89 1646
90 203
90 2039
91 556
91 585
91 1117
92 724
92 867
92 1011
94 73
94 170
95 820
95 832
96 1478
97 20
97 798
98 579
98 955
98 1439
98 1479
98 1975
99 1636
99 1985
100 1243
100 1570
100 1741
100 1967
101 1105
102 447
103 633
103 1090
103 1760
104 711
104 973
107 1498
108 591
108 1639
109 335
109 1114
109 1757
110 1573
110 1948
111 1485
111 1590
112 147
112 1343
112 1555
112 1739
112 1978
113 244
113 1656
114 293
114 1078
114 1746
116 173
116 493
116 1815
117 1188
117 1907
118 72
118 619
119 1140
119 1194
119 1544
120 142
120 1498
121 1391
122 1553
122 1614
123 188
123 260
123 1585
123 1736
124 1405
124 1758
125 1111
125 1422
125 1846
125 1994
126 1669
126 1981
127 1966
128 723
128 1117
128 1834
128 2037
130 490
130 1905
131 655
131 1069
132 1493
132 1835
133 1193
133 1312
134 206
134 1056
134 1327
134 1529
134 1767
135 583
135 1237
135 1250
135 1329
135 1879
136 111
136 390
136 1317
137 190
137 394
137 726
137 1513
138 1056
139 619
139 1400
139 1692
140 161
140 587
140 645
140 1366
141 270
141 872
141 877
142 602
142 711
142 1017
144 149
145 289
146 252
146 544
146 1427
147 1448
147 1601
147 1722
148 575
148 1213
149 6
149 134
149 1401
150 384
150 789
151 2019
153 1040
153 1645
154 290
154 499
154 1349
155 2031
156 1895
156 2009
157 776
158 192
158 1718
159 230
159 639
159 893
159 1895
159 2009
160 994
160 2043
161 147
161 192
161 250
161 1369
162 500
163 4
163 1871
164 255
164 1218
164 1710
165 831
165 1674
166 349
166 743
166 754
166 1125
166 1595
167 323
167 1233
167 1279
168 130
168 954
168 1267
168 1923
169 376
169 1553
170 1096
171 272
171 757
171 835
171 1082
172 553
172 1764
172 1836
173 343
173 1970
174 730
174 769
174 1169
174 1937
174 1982
175 1167
176 497
178 1079
178 1870
179 1740
179 1909
180 863
180 965
180 1433
180 1466
180 1527
180 1534
180 1591
180 1798
181 877
182 315
182 1550
182 1720
182 2016
183 224
183 642
184 1262
185 609
185 1284
185 1447
185 1626
185 1658
186 159
186 472
186 487
186 1777
187 1659
188 1142
189 63
189 509
189 907
189 935
189 1241
189 1479
189 1720
190 839
190 1283
190 1745
191 612
191 954
191 1461
192 6
192 39
192 551
192 1246
193 365
193 549
193 1250
193 1592
194 316
194 646
194 1043
194 1066
194 1764
195 112
195 499
195 993
196 234
196 849
196 1590
196 1872
197 41
197 92
198 1142
198 1583
200 925
201 264
201 313
201 917
202 733
202 970
203 1067
204 112
204 937
204 1379
204 1945
205 21
205 439
205 1065
206 1032
207 278
207 1121
207 1354
208 1560
209 465
209 1447
209 1996
210 1992
211 1728
212 781
212 1007
213 134
213 1066
213 1841
213 1963
214 1912
217 884
217 1741
218 609
218 1243
218 1538
218 1588
218 1634
219 880
219 1932
221 491
221 710
221 1510
222 766
222 987
222 1840
223 430
223 761
223 1186
223 1616
223 1825
224 705
224 1444
224 1472
224 1541
224 1842
225 417
225 1926
226 730
226 751
226 904
226 1860
227 291
227 1899
228 75
229 1345
229 1659
230 237
230 443
230 1157
230 1708
232 101
232 691
232 1465
233 1311
233 1633
234 859
235 634
235 1243
235 1434
235 1771
235 1799
236 147
236 1197
236 1497
236 1688
237 518
237 1006
237 1191
238 1079
238 1258
239 260
239 1387
239 1767
239 1902
240 906
240 1477
240 1782
241 708
241 775
241 1601
242 1930
243 111
243 528
243 802
243 1700
244 855
244 1482
244 1724
245 472
246 362
246 959
247 944
247 1110
247 1551
247 1811
248 1096
249 51
249 1407
251 447
251 1458
252 235
252 2028
253 434
253 1197
253 1822
253 2038
254 804
254 1177
255 391
255 682
256 463
257 510
257 1503
258 238
258 1233
258 1828
259 1172
259 1553
259 1581
261 461
261 890
261 1866
262 523
264 1357
265 1156
265 1658
265 1935
265 1966
266 64
266 525
266 1457
266 1760
267 233
267 690
267 1532
267 1579
267 1673
268 1022
268 1312
269 1421
269 1774
270 179
270 356
270 471
271 670
271 1031
271 1667
272 415
273 675
273 791
273 1197
273 1217
274 1345
274 1404
274 1693
275 49
276 153
276 1490
277 826
277 1936
278 611
278 763
279 1713
281 814
281 1557
282 1526
282 1810
283 85
283 504
285 222
285 299
285 1730
285 1761
285 1934
286 374
286 580
286 895
286 1334
287 356
287 968
288 132
288 836
288 1102
288 1108
289 679
289 804
290 717
291 806
291 1316
291 1581
292 116
293 638
293 911
293 942
293 1108
293 2015
294 755
294 963
294 1340
294 1966
295 368
296 1166
297 160
297 574
298 1724
298 1848
299 1644
299 1877
300 902
300 1604
301 430
301 1743
302 224
302 761
302 902
302 1518
303 43
303 520
305 1908
306 29
306 1455
306 1679
307 1501
307 1866
307 1991
308 436
308 1108
308 1759
309 447
309 1200
309 1716
310 1284
311 172
312 1340
312 1349
312 1422
312 1812
313 510
313 880
313 1482
313 1905
314 81
314 629
314 706
314 1522
314 1552
315 1681
316 1025
316 1099
316 1251
316 1805
316 2022
317 1000
317 1783
318 697
318 1620
319 1843
320 75
320 375
320 1313
320 1538
320 1599
320 2013
321 1831
321 1984
322 719
322 1773
322 2008
323 339
323 1168
324 680
324 997
324 1358
324 1798
326 1172
327 215
327 309
328 149
328 330
328 1683
328 1915
329 532
329 1441
329 1572
329 1608
329 1869
330 1525
332 234
332 859
332 1016
332 1567
333 502
333 848
333 1922
333 2001
334 36
334 458
334 1963
335 579
335 882
335 1377
336 13
336 1447
336 1624
337 1556
339 1039
340 43
340 442
340 1969
340 2048
341 175
341 650
342 123
342 290
342 1216
342 1597
343 773
343 849
344 674
344 1122
344 1599
344 1909
345 408
345 1947
346 1080
347 644
347 1212
347 1696
347 1902
347 1937
348 1066
349 12
349 873
349 1098
350 1405
351 578
352 774
352 1201
353 142
353 263
353 648
353 888
353 1311
353 1337
353 1807
354 21
354 713
355 568
355 1922
356 958
356 1165
356 1717
357 536
357 574
357 751
357 1814
359 1525
359 1762
360 213
360 888
360 1023
361 926
361 1830
362 671
362 955
363 313
363 1548
364 642
364 1469
364 2014
365 105
365 265
365 709
365 774
365 995
365 1665
365 1751
366 189
366 328
366 1253
366 1798
367 139
367 478
367 649
368 188
368 520
368 882
368 1148
368 1246
368 1879
369 492
369 1996
370 242
370 342
370 476
370 495
370 1142
371 302
371 650
371 739
371 1193
371 1333
371 1808
371 1974
372 42
372 321
373 354
373 1432
373 1462
374 410
374 620
374 1539
374 1746
374 1766
375 1548
375 1997
376 1257
377 849
377 1117
377 1170
378 1075
379 796
379 1589
379 2015
380 1075
380 1103
380 1263
380 1814
381 864
382 245
382 1591
383 252
383 393
383 601
383 1140
384 25
384 580
384 827
386 482
386 1462
386 1828
387 1942
389 113
389 130
389 895
389 1346
389 1364
389 1734
390 61
390 561
390 698
390 1073
390 1348
390 1387
390 1796
390 1932
391 297
392 172
392 579
392 800
392 1665
394 599
394 1571
395 1189
395 1190
395 2028
396 67
396 1417
397 23
397 31
397 506
397 1556
398 607
399 707
399 1031
399 1706
399 1794
399 2036
400 281
400 1495
400 1759
402 385
402 1713
403 26
403 104
403 300
403 551
403 644
403 952
403 1021
403 1861
404 243
404 374
404 1171
405 219
406 1347
406 1501
406 1891
407 196
407 1064
407 1568
407 1647
408 659
410 106
410 168
411 677
411 1034
411 1292
412 1088
412 1484
412 1526
412 1911
413 79
413 140
413 365
413 1785
414 894
415 1319
416 668
416 1215
416 1836
416 1893
417 1007
417 1031
417 1491
418 40
418 1703
420 39
420 1107
420 1513
420 1777
421 727
421 896
421 1119
422 22
422 83
422 452
422 1112
423 694
423 1248
424 1611
425 515
425 956
425 1339
425 1388
425 1709
425 1903
426 205
426 298
426 386
426 814
427 663
427 788
427 961
427 1421
427 1508
428 305
428 422
429 941
429 1179
429 1197
429 1702
430 1298
431 172
431 835
431 1919
432 829
432 1205
432 1483
432 1618
433 792
433 843
433 1167
433 1697
433 1713
434 529
434 732
435 1715
435 1900
436 531
436 1323
436 1480
436 1982
437 272
437 764
437 1570
438 146
438 625
438 1137
438 1993
439 564
439 715
439 1079
439 2036
440 203
442 609
442 824
443 271
443 288
444 544
444 1229
444 1844
445 127
445 474
446 485
446 881
446 2047
447 511
447 1487
447 2040
448 207
448 1259
449 1684
450 436
451 277
451 834
451 1090
451 1129
452 279
452 460
452 517
452 587
452 717
452 2020
453 278
453 1277
454 401
454 464
454 1058
454 1264
454 1339
454 1685
454 1686
455 1219
456 463
457 412
457 839
457 1438
457 1596
458 218
459 286
459 1116
459 1295
459 1304
459 1700
459 2017
460 499
461 1743
461 1869
462 184
462 636
463 970
464 361
464 396
464 961
464 1614
464 1754
465 287
465 861
465 1351
466 349
466 822
466 1458
467 72
467 295
467 938
467 1200
467 1758
468 1196
468 1332
469 337
469 537
469 750
469 878
469 923
469 1629
470 438
470 1064
471 1199
472 876
472 1335
472 1691
473 547
473 1075
474 1352
475 32
476 514
476 1880
477 404
478 1378
478 1564
479 1494
479 1820
480 284
480 421
480 649
480 1131
480 1414
481 90
481 967
481 1589
482 258
482 781
482 1285
482 1586
482 1611
482 1714
483 1794
484 1501
484 1525
485 869
485 919
485 955
485 1283
485 1838
485 1867
486 2015
487 315
487 869
488 149
488 380
489 9
489 86
489 1500
489 1952
490 139
490 1531
490 1602
492 48
492 684
493 435
493 472
493 506
493 1122
493 1128
493 1759
493 1795
494 1063
494 1516
494 1528
495 82
495 526
496 138
496 183
496 1069
496 1326
496 1908
497 289
497 406
497 1879
498 256
498 802
499 503
499 733
500 322
500 337
500 353
500 424
500 1246
500 1712
501 1984
502 1072
506 1476
506 1744
507 731
508 621
508 634
509 768
509 2014
512 531
512 887
513 88
513 884
513 934
514 1192
514 1199
515 986
515 1590
515 1778
516 513
516 782
516 884
517 1947
518 1084
519 706
519 1167
519 1297
519 1496
519 1571
519 1577
519 1695
520 92
521 386
521 1376
521 1568
521 1821
522 197
522 841
522 1257
522 1405
522 1776
523 16
523 397
523 701
524 239
524 1263
524 1328
527 1438
527 1617
528 93
528 306
529 758
529 2015
530 1088
531 514
531 1428
531 1477
531 2010
532 163
532 1096
533 384
533 761
533 1172
533 1247
533 1273
533 1987
534 1664
536 1232
537 1464
538 1961
539 900
539 1020
539 1027
539 1333
539 1590
539 1753
539 1776
540 1423
541 794
541 1144
543 986
543 1055
544 750
544 1276
545 657
545 1976
546 343
546 1988
547 318
547 471
547 838
547 1077
547 1501
548 41
548 273
549 334
549 586
549 1219
551 591
552 473
552 1426
553 83
553 455
553 616
553 661
553 1765
553 1818
554 1960
555 672
555 832
555 921
555 1308
555 1395
556 285
556 574
556 1113
556 1300
557 194
557 715
557 958
557 1717
558 541
558 593
558 742
558 1493
559 205
559 774
560 326
560 856
560 960
560 981
560 1053
560 1068
561 124
562 103
562 452
562 740
563 25
563 1641
563 1767
564 1279
564 2015
565 174
565 663
565 822
565 1096
566 719
567 1185
567 1703
567 1854
569 135
569 805
569 1161
570 313
570 1394
570 1510
571 982
571 1825
571 1858
574 417
575 1153
575 1789
577 1110
578 973
578 1706
578 1839
579 55
579 772
580 633
580 755
580 963
580 1765
581 152
581 203
581 756
581 1145
581 1543
581 1777
581 1778
582 1343
582 1565
582 1639
582 1779
583 170
583 1125
583 1785
584 918
584 2020
585 771
585 953
585 966
585 1821
586 205
586 260
586 626
587 213
587 217
587 256
587 1899
588 1247
588 1452
588 2022
589 780
590 1163
590 1259
590 1559
590 1611
590 1759
592 1249
592 1691
593 218
593 1131
593 1518
594 341
594 1000
594 1159
594 1320
594 1990
595 838
595 1252
595 1343
595 1538
595 1879
595 2005
596 100
596 1580
596 2020
598 15
599 221
599 976
600 757
600 1573
600 1871
601 737
601 809
601 1257
601 1309
601 1773
601 1944
602 474
602 484
602 968
602 1135
602 1162
602 1385
603 864
603 1408
604 460
605 103
605 298
605 580
605 1100
605 1122
605 1227
605 1280
605 1516
606 767
607 1279
607 1286
607 1513
608 95
608 439
608 1675
608 1970
609 1491
609 1912
609 1981
609 2034
611 188
611 282
611 428
611 1718
611 1725
612 384
612 1257
612 1632
613 1641
614 709
614 1247
614 1539
615 411
616 442
616 997
616 1385
616 1607
617 170
617 227
617 1497
618 128
618 609
618 654
618 1242
619 515
619 587
620 708
620 1006
620 1300
621 133
621 544
621 1457
621 1955
622 645
622 719
622 1511
622 1683
622 1820
623 159
623 231
623 965
623 1313
623 1478
624 1216
624 1723
624 1735
624 1830
625 244
625 513
625 1611
626 375
626 528
626 1942
627 263
627 633
627 1330
627 1387
628 1615
629 73
629 462
629 1263
630 1840
630 2014
631 1324
632 374
632 1901
634 1994
635 1584
636 19
636 1571
636 1828
637 1124
638 572
638 616
638 1339
638 1393
638 1515
638 1825
640 198
640 681
640 1158
641 163
641 685
642 423
642 748
642 1244
642 1267
643 759
643 1810
645 1137
645 1800
646 1099
647 173
647 263
647 570
647 979
648 340
649 534
649 1070
649 1464
649 1708
650 882
650 1994
651 1431
652 375
652 594
652 2033
653 298
653 532
653 1486
654 522
654 1013
654 1215
654 1817
655 157
655 1019
655 1260
655 1887
656 1448
656 1552
657 1062
657 1143
657 1175
657 1198
657 1199
657 1424
659 588
659 673
659 773
659 1166
661 1171
662 1072
662 1161
662 1436
662 1924
663 1621
664 1435
665 1649
665 1790
666 94
666 678
666 1501
667 1291
668 640
668 1911
669 840
670 784
670 1653
670 1695
671 730
671 901
671 1989
672 341
673 741
673 1237
673 1476
673 1496
674 322
674 946
674 1706
674 1728
675 320
675 1141
675 1181
675 1742
676 222
676 1410
676 1603
676 1675
678 135
678 716
678 906
678 1807
679 840
679 978
679 1743
679 1899
681 1576
682 70
682 120
682 1295
682 1757
683 197
683 1334
684 403
685 674
685 1082
685 1243
685 1387
685 1759
686 1226
686 1684
686 1861
688 173
688 739
688 936
689 121
689 764
689 1157
689 1593
690 452
690 916
690 1034
690 1483
691 574
691 1661
691 1779
692 544
692 681
692 822
693 388
693 726
693 937
693 1266
694 197
694 855
695 6
695 207
695 681
695 1753
695 1907
698 98
698 353
698 1377
698 1597
699 100
699 579
699 1277
699 1848
700 214
700 297
700 1532
700 1619
701 154
701 737
701 1796
702 89
702 494
702 1343
702 1851
703 829
703 1696
704 21
704 693
704 1353
704 1675
705 15
705 1894
706 5
706 378
706 775
706 808
707 141
707 389
707 835
707 1727
708 1851
709 761
710 660
710 1065
711 1461
712 588
712 616
712 1159
712 1381
713 2
714 13
714 627
715 63
715 413
715 1086
715 1637
715 1693
716 22
716 39
716 1409
716 1701
717 324
717 1363
717 1380
717 1450
718 592
718 644
718 1095
718 1121
719 577
719 1228
719 1452
719 1510
720 234
721 784
721 1403
721 1487
721 1569
721 1791
721 1817
722 42
722 1196
722 1399
722 1791
723 199
723 693
723 845
723 896
724 94
724 1751
725 1018
726 214
726 975
727 189
727 537
727 929
727 1130
727 1189
727 1477
728 407
728 1044
729 1402
729 1864
730 691
731 273
731 1682
731 1787
732 79
732 388
735 17
735 268
735 372
735 421
735 1749
735 1930
736 112
736 754
737 868
737 883
737 1016
737 1983
738 83
738 1501
738 1768
738 1921
739 234
739 1853
741 474
741 884
741 1034
741 1981
741 1991
742 224
742 254
742 1145
743 438
743 1028
743 1899
743 1915
744 564
744 2004
745 281
745 1599
746 169
746 744
746 1913
746 2017
747 297
747 599
747 740
747 1381
747 1818
748 449
748 852
748 1574
750 390
750 1477
750 1799
751 115
751 199
751 736
751 1272
751 1978
752 220
752 300
752 626
752 845
753 909
753 2013
755 1056
755 1282
755 1589
756 1481
757 14
757 119
757 694
757 724
757 882
758 310
758 1635
759 1049
759 1609
760 262
760 662
760 842
760 1472
760 1971
761 884
761 1797
762 926
762 1681
762 1684
762 2011
763 929
763 1189
763 1942
764 1049
764 1654
764 1748
764 1782
764 1982
765 1172
765 1650
766 1365
766 1986
767 1717
768 335
769 320
769 554
770 21
770 332
770 1280
770 1680
772 96
772 442
773 335
773 1372
774 35
774 397
774 1214
774 1483
774 1571
775 468
775 1020
776 165
778 313
778 342
778 482
778 1779
779 999
781 17
781 70
781 373
782 1608
783 30
783 201
783 420
783 815
783 902
783 1862
783 1997
784 420
785 1080
785 1127
785 1367
786 76
786 635
786 1419
786 1711
787 317
787 1190
788 434
788 504
789 1418
790 521
790 708
790 1011
790 1808
791 571
791 823
792 708
792 1014
792 1358
792 1391
792 1762
794 351
794 838
794 987
794 1700
794 1943
795 1363
796 1255
797 321
797 505
797 707
797 1077
797 1346
798 66
798 450
798 645
798 1851
799 226
799 1892
800 1061
800 1384
801 463
801 1095
801 1910
802 1308
802 1494
803 994
803 1514
805 856
805 1666
807 490
807 1359
808 1040
809 277
809 397
809 807
809 906
809 1931
809 2010
809 2019
809 2044
810 265
810 301
810 1210
810 1667
811 282
811 293
811 411
811 1959
812 901
813 1401
814 262
814 1144
814 1582
814 1716
814 1905
815 17
815 779
816 240
817 1699
817 1984
818 71
818 365
818 1008
818 1456
818 1878
819 905
820 1975
821 275
822 773
822 1293
823 276
824 358
824 1686
825 516
826 197
826 440
826 593
826 1134
827 59
827 289
827 899
828 490
830 443
830 909
830 1712
830 1846
831 411
831 1401
831 1675
832 923
833 122
833 263
833 270
833 1992
834 139
834 303
834 1958
835 574
835 734
836 88
836 306
836 707
836 807
836 1608
837 89
837 293
837 1775
838 804
838 1268
838 1806
840 256
840 437
840 1707
840 1765
840 1861
841 678
841 1400
841 2030
842 1700
842 1799
843 1155
844 515
845 558
845 759
846 244
846 950
846 1094
846 1715
846 1791
847 531
847 623
847 635
847 688
847 1043
847 1802
847 1844
848 1786
850 875
850 1107
850 1129
850 1673
851 1113
851 1137
851 1758
852 752
852 2000
853 4
853 463
853 742
854 231
854 501
854 1406
854 1940
855 536
855 1274
857 887
857 1089
857 1627
858 431
858 1158
858 1503
859 993
859 1090
860 435
862 104
862 1439
862 1927
862 2014
863 830
863 1987
866 1245
867 809
867 983
868 375
868 1171
868 1269
868 1344
868 1815
869 13
869 1748
869 1866
869 2008
870 439
870 1927
871 284
871 862
872 84
872 657
873 750
874 14
874 109
875 168
877 56
877 1005
877 1395
878 185
878 636
878 2036
879 352
879 417
879 1760
880 406
880 512
880 863
881 370
881 558
881 953
881 1109
881 1249
881 1407
881 1851
882 504
882 1076
882 1341
883 619
883 655
883 861
883 2016
884 741
884 756
885 919
885 1787
885 1838
886 371
886 929
886 1645
886 1741
887 618
887 834
887 1610
888 172
888 440
888 686
889 1119
889 1264
889 1786
889 1964
890 678
891 1009
891 1610
892 978
892 1042
893 147
893 599
893 1365
894 469
894 706
894 957
894 1562
896 519
896 786
897 459
897 752
898 1403
899 1338
900 11
900 643
900 998
900 1173
900 1788
902 230
902 742
902 1295
902 1923
903 686
903 1134
904 885
904 1503
904 1734
905 1048
905 1642
906 87
906 660
906 1244
907 1294
908 148
908 717
908 1197
908 1611
910 472
910 1460
910 1553
910 1582
910 1641
911 95
911 388
911 1133
912 832
912 1028
912 1245
912 1689
912 1706
912 1950
913 1260
913 1658
914 800
914 847
914 929
914 1289
914 1415
914 1434
914 1519
915 328
915 1199
915 1200
915 1878
916 404
916 576
916 758
916 1128
917 1877
918 1116
918 1937
919 1937
919 1960
920 686
920 758
920 1453
920 2034
921 1421
922 1299
922 1628
922 1897
924 426
924 651
924 827
924 929
924 1248
925 1253
925 1591
925 1649
926 833
926 1446
926 1518
927 130
927 967
929 1814
930 544
931 231
931 495
931 959
931 1855
932 99
932 1112
932 1943
933 79
933 353
934 390
934 867
934 986
934 1718
934 1845
935 822
936 187
937 442
937 848
937 1988
938 778
938 848
938 1615
938 2014
939 339
939 934
940 125
940 169
940 702
940 1938
941 798
942 1107
943 583
944 285
944 813
944 914
945 854
945 1245
945 1292
945 1551
946 865
946 1216
947 98
947 255
947 523
947 1545
948 308
948 647
948 973
948 1189
949 150
949 201
949 603
949 989
949 1172
949 1631
949 1855
950 94
950 805
951 428
951 1830
952 229
952 1094
952 1185
952 1800
952 1841
953 1005
954 819
954 2024
955 1881
955 1938
956 265
956 856
956 915
956 1199
956 1499
957 61
957 136
957 346
958 336
958 1276
958 1660
959 418
959 672
959 1641
959 1925
960 235
960 478
960 777
961 5
961 93
961 274
961 1394
963 1023
964 42
964 1371
965 1692
966 119
966 789
966 952
966 1742
967 646
967 1453
967 1491
967 1573
967 1737
968 808
968 1785
969 75
969 924
969 1465
969 1614
970 628
970 782
970 1015
970 1328
971 1572
971 1586
972 514
972 591
973 1399
973 1632
974 1303
974 1393
975 500
975 1434
976 418
976 438
976 1122
976 2001
977 800
977 1140
978 753
978 1084
978 1657
978 1766
980 1228
981 85
981 772
981 1921
981 2004
982 231
982 369
982 917
983 6
983 94
983 1436
984 659
984 1104
984 1415
984 1848
984 1871
986 476
986 723
987 317
988 191
988 1033
988 1072
988 1518
988 1653
988 1712
989 970
989 994
990 851
990 1987
991 348
991 624
991 1333
991 1661
992 972
992 1285
992 1424
992 1916
993 887
994 358
994 1379
994 1553
994 1566
994 1649
994 1660
995 332
995 493
997 209
997 245
997 678
997 757
997 793
997 1516
998 77
998 130
998 1495
998 1889
999 764
999 979
1000 2010
1001 20
1001 102
1001 492
1001 1334
1001 1839
1001 1844
1002 247
1002 843
1002 910
1002 1120
1003 432
1003 1910
1004 1598
1005 527
1005 887
1005 1859
1006 1548
1007 15
1007 325
1007 1353
1008 5
1008 568
1008 626
1009 542
1009 1661
1009 1852
1010 784
1010 1726
1011 2009
1012 570
1012 991
1012 1979
1013 486
1013 834
1013 1484
1014 97
1014 1375
1014 2035
1015 222
1015 751
1015 935
1015 1137
1015 1528
1016 35
1016 117
1016 1718
1016 1807
1016 1861
1018 216
1019 111
1019 492
1019 661
1020 900
1022 777
1023 644
1023 1066
1023 1167
1023 2043
1024 759
1024 940
1025 795
1025 1187
1026 254
1026 608
1026 1303
1027 1617
1028 1962
1029 1981
1030 132
1030 536
1030 749
1031 193
1031 526
1031 605
1032 44
1032 1598
1033 702
1033 1832
1034 532
1034 552
1034 930
1035 776
1035 909
1035 1110
1036 186
1036 1639
1036 1984
1037 568
1037 1034
1037 1133
1038 17
1038 814
1038 1188
1039 526
1039 821
1039 1399
1039 1615
1039 1705
1039 1721
1039 2036
1040 986
1040 1882
1041 307
1041 1368
1041 1712
1043 1289
1044 285
1044 508
1044 1302
1044 1601
1044 1687
1044 1986
1046 273
1046 322
1046 1144
1046 1388
1047 539
1047 1577
1048 722
1049 159
1049 1602
1049 1900
1050 186
1050 625
1050 1185
1050 1535
1051 115
1051 213
1051 544
1051 687
1051 705
1051 1091
1051 1301
1051 1912
1052 510
1052 1645
1053 224
1053 233
1053 399
1054 1077
1054 1289
1054 1847
1054 1864
1055 381
1055 1332
1055 1872
1056 52
1056 91
1056 1265
1056 1325
1056 1443
1056 1522
1056 1640
1057 582
1058 594
1058 722
1058 834
1058 1327
1059 1247
1059 1588
1060 701
1060 1587
1060 1662
1060 1854
1061 284
1062 559
1062 1432
1063 255
1064 765
1064 900
1064 1271
1064 1514
1065 884
1065 1543
1065 1592
1065 1695
1065 1969
1066 70
1066 687
1066 1380
1067 322
1069 406
1069 571
1069 981
1069 1445
1069 1735
1070 587
1072 313
1072 1185
1072 1646
1073 1333
1074 209
1074 402
1075 89
1075 188
1075 1273
1075 1437
1075 1946
1075 1985
1076 735
1076 1147
1076 1877
1077 415
1077 417
1077 739
1077 1364
1077 1375
1077 2043
1078 142
1078 1140
1078 1464
1078 1764
1079 810
1079 977
1079 1139
1080 498
1080 1217
1080 1368
1081 197
1081 674
1081 756
1081 1250
1082 542
1082 907
1082 965
1083 1061
1083 1575
1083 1984
1084 71
1084 171
1084 225
1085 966
1085 1563
1085 1733
1086 703
1087 115
1087 469
1087 1120
1088 265
1088 458
1088 1158
1088 1862
1089 339
1089 966
1089 1901
1091 1584
1093 22
1093 686
1093 1203
1093 1829
1094 63
1094 1076
1094 1279
1095 1230
1096 6
1096 192
1097 577
1097 1485
1098 174
1098 1956
1099 978
1099 1060
1099 1822
1100 109
1100 1578
1100 1706
1100 1870
1101 1023
1102 255
1102 486
1102 1208
1103 318
1104 754
1104 1667
1104 1899
1105 917
1105 936
1108 958
1108 1360
1110 708
1110 1069
1110 1084
1110 1508
1110 1912
1111 981
1111 1340
1111 1986
1112 493
1113 537
1113 712
1113 992
1114 334
1114 641
1116 353
1116 933
1117 1362
1118 604
1118 1578
1119 767
1119 1411
1119 1426
1120 367
1120 785
1120 1179
1120 1662
1121 156
1121 660
1121 1822
1123 32
1123 249
1123 1475
1123 1991
1124 322
1124 524
1124 656
1124 1099
1124 1608
1125 356
1125 884
1125 911
1126 196
1126 355
1126 435
1127 2024
1128 109
1128 544
1128 1247
1129 115
1129 1381
1129 1544
1130 99
1130 683
1130 1245
1131 1072
1131 1198
1131 1514
1131 1717
1132 482
1132 1714
1133 1146
1134 291
1134 418
1134 744
1134 757
1134 794
1134 816
1134 1629
1134 1871
1135 262
1135 1525
1135 1985
1136 719
1136 753
1136 763
1136 1249
1137 86
1137 182
1137 968
1137 1067
1139 59
1139 505
1139 1317
1139 1363
1139 1730
1139 1952
1139 2037
1140 438
1140 636
1140 1630
1140 1642
1141 1381
1141 1612
1142 269
1142 1632
1143 430
1143 1739
1143 1767
1144 532
1144 1485
1145 1036
1145 1038
1145 1486
1145 1608
1145 1763
1146 249
1146 564
1146 1644
1147 1639
1149 288
1150 1583
1151 760
1151 1540
1151 1828
1152 11
1152 1170
1152 1587
1152 1620
1153 377
1153 445
1153 618
1153 748
1153 1191
1153 1243
1153 1307
1153 1439
1153 1446
1153 1498
1153 1554
1154 232
1154 1949
1155 778
1155 848
1155 1354
1156 123
1156 406
1156 551
1156 987
1157 386
1157 1378
1158 1302
1160 1283
1162 811
1162 938
1162 1143
1162 1614
1162 1986
1163 1408
1163 1728
1163 1999
1163 2010
1164 317
1164 772
1165 344
1165 1716
1165 1785
1165 1833
1165 1925
1166 675
1167 149
1168 1038
1168 2034
1169 113
1170 1461
1170 1779
1170 1913
1171 36
1171 1221
1171 1589
1172 519
1173 352
1174 288
1174 899
1174 1610
1175 566
1175 1861
1176 1297
1176 1873
1177 500
1178 1418
1179 753
1179 2006
1180 1239
1180 1253
1180 1395
1181 1131
1181 1831
1182 503
1182 1107
1182 1485
1183 692
1183 1085
1183 1943
1184 310
1184 671
1184 1419
1184 1690
1185 144
1185 295
1185 296
1185 1339
1185 1947
1186 60
1186 288
1186 1284
1186 1722
1187 210
1187 1522
1188 1162
1189 1565
1190 1413
1191 43
1191 244
1191 383
1192 381
1192 1350
1192 1598
1193 1303
1193 1839
1194 300
1194 1267
1194 1686
1195 41
1195 978
1195 1908
1195 1973
1196 374
1196 545
1196 587
1196 804
1197 529
1197 860
1197 1316
1198 349
1198 510
1198 1249
1198 1650
1199 248
1199 674
1200 384
1200 1473
1200 1941
1201 1459
1201 1565
1202 1151
1202 1998
1204 1387
1205 252
1206 1887
1207 145
1207 922
1207 1876
1208 742
1208 940
1208 1469
1209 428
1209 723
1209 1230
1209 1397
1209 1554
1209 1880
1211 1129
1212 5
1212 77
1212 1024
1212 1302
1212 1835
1213 1295
1213 1671
1213 1673
1214 289
1215 1415
1215 1713
1216 1689
1217 667
1217 718
1217 729
1217 1392
1220 847
1220 1135
1220 1704
1221 400
1221 854
1221 1060
1221 1316
1221 1598
1224 400
1224 1060
1224 1429
1225 801
1225 1190
1225 1485
1226 14
1226 128
1226 609
1226 790
1226 1082
1226 1470
1227 40
1227 1035
1227 1108
1229 575
1230 18
1230 280
1230 1879
1231 269
1231 1305
1233 94
1233 1974
1233 2010
1234 115
1234 1012
1234 1254
1235 474
1235 839
1235 1773
1235 1971
1236 83
1237 957
1237 1838
1237 1853
1239 169
1239 1631
1239 1759
1241 42
1241 240
1241 1751
1241 1856
1242 1630
1242 2011
1243 1598
1244 956
1244 1557
1245 736
1245 1261
1245 1838
1245 1851
1245 2013
1246 901
1246 915
1247 639
1247 1010
1248 738
1248 1154
1249 336
1249 921
1249 1641
1250 1365
1251 85
1251 534
1251 1415
1251 1893
1252 251
1252 521
1253 457
1253 834
1253 1027
1253 1317
1254 446
1254 716
1254 1198
1254 1363
1255 1707
1256 366
1256 685
1256 766
1256 1736
1257 958
1258 182
1258 275
1258 1441
1258 1535
1258 2016
1259 57
1259 665
1259 777
1259 1334
1259 1617
1259 1946
1261 644
1261 694
1261 762
1261 1211
1261 1485
1261 1698
1261 1935
1262 109
1262 950
1262 1013
1262 1037
1262 1580
1263 19
1263 848
1263 916
1263 1867
1264 851
1265 494
1265 1002
1265 1244
1266 379
1266 1958
1267 102
1267 350
1267 1082
1267 1558
1267 1948
1268 124
1268 247
1268 286
1268 333
1268 540
1268 866
1268 1000
1268 1125
1268 1354
1269 758
1269 874
1269 1050
1269 1308
1270 225
1270 690
1271 247
1271 1558
1272 408
1272 531
1272 986
1272 1103
1272 1636
1272 1864
1273 1284
1273 1802
1274 563
1274 1547
1274 1663
1274 1973
1275 359
1275 910
1275 1474
1275 1615
1275 1824
1276 581
1276 752
1276 1938
1278 1686
1279 1035
1279 1948
1280 161
1280 179
1280 1794
1281 124
1281 512
1281 995
1282 382
1282 1535
1283 309
1283 422
1283 634
1283 1860
1284 162
1284 997
1284 1325
1285 690
1285 696
1285 1006
1286 607
1286 1076
1286 1423
1286 1507
1286 1702
1286 1801
1287 458
1287 499
1287 1218
1287 1298
1288 63
1288 375
1288 547
1289 1227
1290 1015
1290 1134
1290 1215
1290 1740
1292 615
1292 1299
1292 1711
1292 2038
1293 188
1293 215
1293 395
1293 700
1293 1063
1294 382
1295 290
1295 365
1296 1700
1297 612
1297 710
1297 918
1297 1914
1298 122
1298 323
1298 1155
1298 1182
1299 997
1300 418
1300 621
1300 1087
1301 1962
1301 2001
1301 2047
1302 782
1303 108
1303 1672
1303 1776
1303 1966
1304 385
1304 1287
1305 510
1306 223
1306 1769
1308 1013
1309 501
1309 1633
1309 1968
1310 1177
1311 1231
1311 1261
1312 1671
1312 2018
1313 1088
1313 1466
1314 318
1314 1515
1315 72
1315 1809
1316 79
1316 1296
1316 1840
1317 725
1317 1923
1318 899
1319 276
1319 720
1319 1073
1320 916
1320 1898
1321 247
1321 1919
1322 1170
1322 1873
1323 240
1323 369
1323 570
1324 198
1324 481
1324 840
1324 1266
1324 1280
1324 1928
1325 639
1325 1311
1325 1725
1326 732
1327 846
1327 1425
1328 831
1328 1752
1329 1063
1330 1493
1330 1692
1331 1031
1331 1475
1331 1739
1331 2036
1333 646
1333 1422
1333 1978
1334 946
1335 1683
1335 1693
1335 1747
1336 102
1336 451
1336 560
1336 1618
1336 1619
1336 1797
1337 414
1338 446
1338 871
1339 409
1339 1017
1339 1379
1339 1559
1339 1977
1340 531
1340 641
1340 1243
1341 1468
1341 1710
1342 752
1342 1582
1342 1791
1343 34
1343 390
1343 1707
1344 1575
1345 160
1345 376
1345 1191
1345 1383
1345 1622
1346 207
1346 566
1346 693
1347 215
1347 715
1347 1000
1347 1971
1348 642
1348 927
1349 119
1349 663
1349 976
1349 1180
1350 751
1351 128
1351 1297
1351 1979
1352 1103
1352 1343
1352 1739
1353 521
1353 1331
1353 1649
1353 1914
1354 468
1354 1740
1354 2030
1355 1215
1355 1240
1355 1796
1356 261
1356 661
1357 1503
1358 425
1358 480
1358 1153
1358 1264
1359 733
1360 83
1360 744
1360 1554
1360 1857
1361 2
1361 360
1362 250
1362 1620
1362 1658
1362 1787
1362 1974
1363 1153
1363 1628
1364 1101
1364 1275
1364 1645
1364 1979
1364 2031
1365 894
1365 1052
1365 1130
1366 646
1366 755
1366 1493
1366 1749
1366 1853
1368 202
1368 582
1368 1262
1368 1907
1368 1993
1368 2034
1369 1313
1369 1884
1369 1993
1370 109
1370 292
1370 483
1370 1646
1371 926
1372 1458
1372 1515
1372 1725
1373 838
1373 1809
1374 1718
1374 1884
1375 522
1375 1157
1375 1778
1376 76
1376 190
1376 471
1376 481
1376 1061
1376 1609
1376 1632
1377 204
1377 374
1377 443
1378 516
1378 1452
1379 728
1379 1817
1380 1229
1380 1902
1381 213
1381 467
1381 781
1381 1208
1381 1327
1381 1375
1382 824
1382 1348
1383 444
1384 231
1384 1052
1384 1071
1384 1205
1385 232
1385 556
1385 590
1385 1534
1385 1748
1386 24
1386 145
1386 979
1387 56
1387 340
1388 984
1389 1073
1389 1631
1389 2040
1391 229
1391 414
1391 1148
1391 1466
1391 1910
1392 942
1393 1501
1393 1540
1393 1807
1394 333
1394 2009
1394 2048
1395 430
1396 76
1396 85
1396 464
1396 1354
1397 262
1397 509
1399 135
1400 435
1401 254
1401 458
1401 761
1401 928
1401 1113
1401 1864
1402 824
1402 840
1402 1952
1403 591
1403 909
1403 1121
1403 1221
1403 1549
1405 673
1405 989
1406 358
1406 1357
1407 980
1407 2007
1408 29
1408 353
1408 667
1408 1351
1408 1935
1409 132
1409 247
1409 721
1410 421
1410 1199
1411 1128
1411 1689
1411 1758
1412 351
1412 442
1412 619
1412 712
1413 17
1413 588
1414 1879
1415 890
1415 1330
1415 1684
1415 1829
1416 694
1416 1526
1417 1513
1418 55
1418 221
1418 640
1419 1579
1419 1653
1420 990
1420 1153
1420 1185
1422 375
1422 1736
1423 1704
1424 375
1424 630
1424 784
1424 1414
1425 18
1425 25
1425 1201
1425 1806
1425 1910
1426 1277
1426 1591
1426 1827
1427 558
1427 784
1427 1294
1428 858
1428 1030
1428 1200
1429 1887
1430 1056
1430 1655
1431 1553
1433 497
1433 1680
1434 305
1434 538
1434 714
1434 987
1434 1003
1434 1778
1435 154
1436 1787
1437 223
1437 503
1437 1014
1438 1242
1439 1267
1439 1768
1440 30
1440 1042
1440 1447
1440 1610
1441 800
1441 973
1442 371
1442 1275
1443 794
1443 951
1444 1328
1445 258
1445 516
1445 716
1445 779
1445 1387
1445 1944
1447 380
1447 607
1447 1207
1447 1429
1447 1474
1447 1991
1448 814
1448 1079
1448 1221
1449 227
1449 256
1449 1287
1449 1401
1450 1831
1451 1641
1451 1816
1452 627
1452 1200
1453 168
1453 441
1453 540
1453 1277
1453 1350
1454 633
1454 1084
1454 1512
1454 1872
1455 1983
1456 123
1456 649
1456 896
1457 136
1457 980
1459 58
1459 774
1460 649
1460 686
1460 689
1462 1439
1462 1620
1462 1839
1463 9
1463 443
1463 447
1463 484
1463 731
1463 1081
1464 333
1464 1150
1464 1520
1464 1747
1465 417
1465 946
1465 1472
1465 1586
1466 339
1466 830
1466 1401
1467 458
1467 1690
1468 663
1469 468
1470 144
1470 1190
1471 183
1471 413
1471 508
1471 1274
1471 1551
1472 495
1472 1843
1473 92
1473 110
1473 155
1473 1344
1473 1596
1473 1659
1474 884
1474 1176
1474 1604
1475 120
1475 242
1475 307
1475 907
1475 1025
1475 1225
1475 1308
1475 1910
1477 63
1477 1508
1478 387
1478 733
1478 1677
1479 1120
1480 1285
1480 1739
1481 890
1481 1904
1482 340
1483 302
1483 771
1483 986
1483 1044
1483 1119
1484 853
1484 1690
1485 774
1485 991
1485 1723
1485 1725
1486 39
1486 262
1486 1765
1487 746
1487 1415
1487 1980
1489 267
1489 701
1489 896
1489 994
1489 1423
1489 1502
1489 1909
1490 1315
1491 1109
1491 1289
1491 1968
1492 71
1492 269
1492 912
1492 1423
1493 480
1494 312
1494 1088
1494 1270
1494 1944
1495 231
1495 714
1495 803
1496 34
1496 523
1496 1758
1496 1906
1497 522
1497 622
1497 704
1497 842
1497 1308
1497 1522
1498 858
1498 1822
1498 1863
1499 746
1499 1092
1499 1451
1500 927
1500 1212
1500 1890
1501 1120
1501 1829
1502 725
1502 829
1504 131
1504 716
1506 173
1506 781
1506 1048
1507 261
1508 656
1508 960
1508 1083
1508 1926
1509 595
1510 1525
1511 1575
1511 2001
1511 2003
1512 473
1512 1366
1513 1496
1513 1678
1514 1980
1515 451
1515 1140
1515 1495
1516 1368
1516 1860
1517 675
1517 702
1517 807
1517 1917
1518 307
1518 450
1518 1342
1518 1621
1518 1769
1519 1762
1519 1836
1520 1441
1521 424
1522 444
1522 744
1522 1838
1523 864
1524 179
1524 590
1524 1783
1525 577
1525 861
1525 1778
1525 1874
1526 508
1526 700
1526 995
1527 241
1528 947
1528 1827
1529 174
1529 944
1529 1054
1529 1682
1530 334
1530 1920
1530 2047
1531 817
1531 1443
1531 1837
1531 1884
1531 1958
1532 164
1532 1305
1533 537
1533 2018
1534 1847
1535 490
1535 1575
1537 1392
1537 1639
1539 531
1539 1950
1540 294
1541 67
1541 1224
1543 570
1543 1143
1543 1375
1544 373
1544 746
1544 1101
1545 541
1545 814
1546 721
1546 1312
1547 1881
1548 68
1548 1027
1548 2001
1550 435
1550 865
1552 521
1553 584
1553 1386
1553 1759
1554 109
1554 155
1554 644
1554 731
1555 1953
1557 720
1557 1074
1557 2024
1558 197
1558 199
1559 1728
1559 1835
1560 196
1560 1269
1560 1775
1561 19
1561 958
1561 1518
1562 269
1562 828
1562 1097
1563 1183
1563 1214
1563 1272
1564 20
1564 54
1564 107
1564 1263
1565 262
1565 451
1565 1986
1566 130
1566 662
1567 459
1567 1762
1567 1817
1568 1080
1569 172
1569 563
1569 1178
1570 114
1570 375
1570 1683
1571 461
1572 278
1572 339
1572 567
1572 917
1572 1171
1573 422
1573 1340
1574 484
1574 572
1574 1122
1574 2005
1576 338
1576 472
1576 495
1576 666
1577 450
1579 290
1579 922
1579 1908
1580 189
1580 1024
1580 1403
1580 1434
1580 1871
1580 2028
1581 581
1581 631
1581 895
1582 292
1582 1745
1583 390
1584 263
1584 1161
1584 1561
1584 1626
1585 1126
1587 62
1587 670
1588 283
1588 413
1588 1045
1589 76
1590 1443
1590 1514
1590 1817
1591 483
1591 687
1591 902
1591 1204
1591 1874
1593 833
1594 343
1594 2048
1595 370
1595 890
1595 1120
1595 1816
1596 202
1596 432
1596 661
1596 799
1596 1574
1598 1214
1599 577
1599 1256
1600 796
1601 1041
1602 245
1602 1148
1602 1713
1602 1876
1602 2004
1603 73
1603 774
1604 495
1604 652
1605 226
1605 585
1605 985
1605 1191
1606 593
1606 1110
1607 973
1608 1406
1609 1263
1609 1392
1609 1964
1610 1770
1612 1364
1612 1782
1613 938
1613 1135
1614 273
1614 474
1614 500
1614 1258
1615 355
1615 376
1615 595
1615 1248
1616 1001
1618 1614
1619 1262
1619 1310
1619 1793
1620 130
1620 1201
1622 693
1622 984
1622 1181
1622 1378
1623 634
1623 881
1623 1529
1623 1640
1623 2028
1624 377
1624 587
1624 701
1624 1129
1624 1569
1626 720
1626 1793
1627 249
1627 1142
1627 1235
1627 1248
1627 2022
1627 2024
1628 119
1628 543
1628 1063
1630 1261
1630 1262
1630 1337
1631 210
1632 702
1632 1084
1634 468
1634 956
1634 1171
1634 1652
1635 208
1635 291
1635 2036
1636 998
1637 1069
1638 313
1638 1205
1639 923
1639 1112
1640 32
1640 416
1640 779
1640 1982
1640 2029
1641 415
1641 959
1642 338
1642 1208
1642 1607
1643 105
1643 516
1643 600
1643 822
1644 83
1644 723
1644 1951
1645 66
1645 693
1645 1231
1645 1832
1646 59
1646 237
1647 1046
1647 1635
1647 2021
1648 668
1648 857
1648 1275
1649 251
1649 917
1649 980
1649 1829
1650 774
1651 30
1651 1005
1651 1288
1651 1524
1652 426
1652 1580
1653 901
1653 921
1653 1835
1654 36
1655 1029
1655 1669
1656 57
1656 164
1656 1954
1657 438
1657 490
1657 848
1657 905
1657 1181
1657 1452
1657 1505
1658 1562
1659 1192
1659 1250
1659 1713
1660 1714
1661 666
1663 457
1663 753
1663 851
1663 1393
1663 1538
1663 1969
1664 558
1664 591
1664 1361
1664 1605
1666 93
1667 1622
1668 311
1668 928
1668 1361
1669 510
1669 557
1669 920
1669 1172
1669 1523
1669 1602
1670 55
1670 487
1670 1282
1670 1589
1671 1146
1673 82
1673 254
1673 641
1673 739
1673 1960
1674 1299
1674 1471
1675 1083
1675 1828
1676 113
1677 867
1677 1363
1677 1559
1677 1990
1680 574
1680 1096
1680 1119
1680 1665
1681 363
1681 674
1681 847
1681 858
1681 1176
1682 341
1682 1156
1684 319
1684 434
1686 1192
1686 1633
1686 1833
1687 947
1687 1087
1687 1752
1688 557
1688 693
1689 403
1689 947
1689 1315
1689 1875
1689 1915
1690 840
1690 1515
1690 1953
1691 839
1691 864
1691 999
1691 1314
1692 650
1692 1671
1693 2005
1694 708
1694 769
1694 1169
1694 1719
1695 111
1695 329
1695 736
1695 1152
1695 1271
1695 1713
1696 196
1696 476
1697 452
1697 1208
1698 167
1698 550
1698 573
1699 299
1699 1306
1699 1364
1700 1022
1700 1133
1700 1390
1700 1955
1701 580
1701 1069
1701 1551
1702 1472
1703 823
1704 510
1704 678
1705 446
1705 527
1705 985
1705 1658
1706 2
1706 436
1706 1050
1707 964
1707 1926
1708 6
1708 99
1708 195
1708 613
1708 628
1708 640
1708 1263
1708 1548
1709 56
1709 767
1709 1727
1709 1775
1710 4
1710 69
1710 164
1710 871
1710 1904
1711 263
1711 415
1711 791
1712 1424
1712 1507
1713 47
1713 413
1713 1495
1713 1520
1714 1695
1714 1848
1715 868
1716 323
1716 570
1716 974
1716 1494
1716 1917
1717 606
1718 934
1718 1216
1718 1861
1720 225
1720 465
1720 1697
1721 165
1721 366
1721 866
1722 554
1722 865
1722 1421
1722 1438
1723 842
1723 1296
1724 144
1724 1072
1725 1454
1725 1547
1727 1142
1727 1646
1728 397
1728 592
1728 1227
1728 2015
1729 1140
1730 1626
1731 667
1731 878
1731 1099
1731 1427
1733 538
1733 703
1734 1159
1734 1208
1735 483
1735 553
1735 868
1735 1019
1735 1973
1736 748
1737 230
1737 1389
1737 1631
1738 202
1738 1756
1738 1780
1739 497
1739 1265
1739 1872
1740 1430
1741 262
1741 524
1741 1924
1741 2044
1742 139
1742 142
1743 539
1743 1368
1744 539
1745 471
1745 690
1745 950
1745 1676
1746 809
1746 1309
1746 1562
1746 1871
1747 24
1747 859
1747 1138
1748 200
1748 337
1748 768
1748 1004
1748 1417
1749 15
1749 1111
1749 2038
1751 64
1751 1111
1751 1809
1751 1967
1752 997
1752 1967
1753 1956
1754 794
1754 1480
1755 207
1755 404
1755 1114
1755 1614
1755 1903
1755 1971
1756 1159
1756 1583
1756 1658
1757 141
1757 462
1757 603
1757 1361
1757 1647
1758 85
1759 1273
1759 1469
1760 334
1760 1812
1761 183
1761 1826
1762 288
1762 704
1762 940
1762 1326
1763 1669
1764 581
1764 1407
1764 1408
1764 1550
1764 1737
1765 925
1765 1194
1766 213
1766 1185
1767 1730
1768 507
1768 560
1768 1264
1769 794
1769 1495
1770 75
1770 197
1770 568
1770 1167
1771 130
1772 361
1772 907
1772 1141
1772 1725
1772 2015
1774 831
1776 1619
1777 1
1777 1836
1778 799
1778 1406
1778 1445
1779 503
1779 1547
1779 1557
1779 1804
1779 1907
1780 1011
1780 1444
1780 1871
1781 1010
1783 1719
1784 30
1784 522
1784 1078
1784 1193
1784 1362
1785 340
1785 851
1785 1726
1786 331
1786 1257
1789 61
1789 1321
1789 1793
1790 624
1790 1476
1791 651
1791 1424
1791 1481
1792 704
1792 863
1792 1500
1793 453
1793 1756
1794 613
1794 1748
1795 182
1798 38
1798 231
1798 633
1798 1600
1798 1959
1799 948
1799 1032
1800 1208
1800 1400
1800 2013
1801 145
1801 511
1801 1080
1801 1387
1802 197
1802 297
1803 251
1803 1531
1803 1749
1804 1638
1805 1046
1805 1160
1805 1386
1805 1421
1806 908
1806 1657
1807 1370
1808 755
1808 988
1808 1735
1809 1236
1809 1342
1809 1731
1810 1063
1811 225
1811 642
1811 1121
1811 1179
1811 1833
1811 1996
1812 499
1812 731
1813 1575
1813 1675
1813 1747
1813 1798
1814 629
1814 716
1814 1521
1815 209
1815 1342
1815 1532
1815 1941
1815 2008
1815 2041
1816 300
1816 1613
1817 39
1817 124
1817 851
1817 1198
1818 575
1818 793
1818 1813
1819 302
1819 988
1819 1286
1819 1295
1819 1526
1821 1231
1821 1292
1821 1872
1822 184
1822 621
1822 1281
1823 707
1823 710
1823 724
1823 2022
1824 742
1824 1014
1824 1503
1825 131
1825 1643
1826 837
1826 1061
1826 1067
1826 1112
1826 1773
1827 582
1827 1203
1827 1530
1827 1774
1830 405
1830 854
1830 1077
1830 1147
1830 1613
1831 1081
1831 1356
1832 310
1832 639
1832 1755
1833 982
1834 1594
1835 286
1835 508
1835 792
1836 1721
1837 605
1837 1528
1838 489
1838 536
1839 1653
1839 1831
1840 792
1840 1211
1840 1377
1840 1715
1841 166
1841 1663
1841 2006
1843 283
1843 1548
1844 368
1844 1432
1844 1449
1844 1538
1846 269
1846 316
1846 628
1846 1929
1847 494
1847 1446
1847 1808
1848 584
1848 587
1848 854
1849 270
1849 559
1849 646
1850 1335
1850 1823
1851 216
1851 1244
1851 1664
1852 1551
1852 1992
1853 183
1853 1221
1853 1611
1853 1751
1854 486
1855 1883
1856 987
1857 389
1857 838
1857 1225
1858 366
1858 492
1858 2019
1859 765
1860 22
1861 548
1862 609
1862 773
1863 1199
1863 1444
1863 1512
1864 216
1864 653
1865 676
1866 64
1866 88
1866 192
1866 1204
1866 1643
1867 33
1867 153
1867 1005
1867 1475
1868 690
1869 129
1869 1413
1869 1668
1870 1243
1870 1642
1871 398
1871 786
1871 818
1871 1547
1871 1970
1872 338
1872 672
1872 784
1872 1669
1874 916
1874 1285
1874 1867
1875 525
1875 1965
1876 460
1876 883
1876 1308
1876 1395
1878 181
1878 1453
1879 1341
1880 348
1880 1252
1880 1343
1880 1362
1880 1524
1882 356
1882 771
1882 1352
1882 1980
1884 1186
1884 1428
1886 1085
1886 1671
1887 931
1887 1582
1887 1727
1888 223
1888 798
1888 1776
1889 62
1889 844
1889 1334
1889 1481
1890 193
1890 1332
1890 1637
1891 1290
1891 1766
1891 1877
1892 369
1892 887
1892 1366
1892 1768
1892 1852
1893 290
1893 570
1894 1045
1894 1216
1894 1352
1895 24
1895 617
1895 1331
1895 1680
1896 363
1896 1053
1897 493
1897 720
1897 761
1897 1219
1898 213
1898 513
1898 965
1899 1458
1899 1539
1900 444
1900 786
1901 135
1901 1347
1901 1494
1901 1996
1902 160
1902 695
1903 242
1904 274
1904 722
1904 1359
1904 1459
1904 1932
1905 1099
1905 1192
1906 51
1906 547
1906 645
1906 682
1906 1340
1906 1982
1908 815
1908 876
1908 1099
1908 1437
1909 982
1909 1156
1909 1554
1910 393
1910 549
1910 619
1910 1033
1911 24
1911 849
1911 1526
1912 1471
1912 1550
1913 414
1913 1972
1914 947
1914 1935
1916 88
1916 177
1916 1524
1917 649
1918 911
1918 1639
1919 679
1919 819
1919 1244
1920 1467
1920 1664
1920 1797
1921 530
1922 304
1922 747
1922 1212
1923 968
1923 1267
1924 756
1924 943
1924 1530
1925 580
1926 22
1926 408
1926 1056
1926 1616
1926 1700
1926 1911
1927 1205
1927 1359
1928 379
1928 1252
1928 1416
1929 28
1929 202
1929 445
1930 196
1930 551
1930 2005
1931 1825
1932 415
1932 596
1932 991
1932 1597
1932 1955
1933 1731
1934 583
1934 937
1934 1507
1934 1697
1935 1092
1935 1135
1936 450
1936 662
1936 1285
1937 422
1937 617
1937 705
1937 1981
1938 303
1938 1040
1939 517
1939 1865
1940 402
1940 431
1940 512
1940 771
1940 1358
1941 245
1941 809
1941 954
1941 1223
1941 1669
1942 403
1943 692
1943 1507
1944 1285
1945 702
1945 807
1946 1230
1947 17
1947 682
1947 1067
1949 716
1949 1142
1949 1251
1950 1135
1950 1345
1950 1508
1951 74
1951 340
1951 363
1951 603
1951 1280
1952 1088
1952 1203
1953 62
1953 1009
1955 239
1955 1352
1955 1847
1956 461
1956 791
1956 919
1957 1212
1957 1926
1958 509
1958 614
1959 751
1959 1230
1959 2043
1960 687
1960 1341
1961 140
1961 1021
1962 111
1962 1641
1962 2027
1963 235
1963 1334
1963 1952
1964 1472
1964 2024
1966 412
1966 478
1966 1477
1967 583
1967 760
1968 1591
1969 223
1969 759
1970 499
1970 1938
1971 845
1971 935
1971 1888
1972 1262
1972 1903
1973 1332
1973 1450
1974 530
1974 1170
1974 1802
1974 2007
1975 1177
1975 1214
1975 1942
1976 307
1976 503
1976 693
1976 962
1976 1317
1976 1466
1977 298
1977 352
1977 690
1977 958
1977 1084
1977 1273
1978 606
1978 739
1978 1691
1978 1983
1979 1793
1979 1822
1981 1763
1981 1956
1982 1156
1982 1207
1983 291
1983 615
1983 1470
1983 2040
1984 1520
1985 298
1985 1426
1986 1200
1986 1547
1986 1729
1986 1843
1987 1867
1988 592
1990 235
1990 275
1990 725
1990 1679
1991 281
1991 331
1991 608
1991 683
1991 1676
1993 69
1993 534
1993 1722
1994 451
1995 1667
1995 1795
1997 1197
1997 1834
1998 722
1998 1237
1998 1851
1999 448
1999 513
1999 617
1999 891
1999 1914
2000 1856
2002 254
2002 784
2003 127
2003 650
2004 1914
2005 350
2005 431
2005 651
2005 752
2006 1843
2007 1475
2007 1920
2008 726
2009 353
2009 446
2009 571
2009 1192
2009 1347
2010 1253
2010 1302
2010 1480
2010 1670
2011 101
2011 332
2011 333
2011 1694
2011 1833
2011 1916
2012 601
2012 705
2012 1005
2012 1184
2013 1234
2014 195
2014 1605
2015 54
2015 141
2015 230
2015 336
2015 801
2015 1380
2015 1625
2016 492
2016 1150
2016 1673
2017 932
2018 132
2018 1111
2018 1586
2019 1604
2019 1874
2020 659
2020 728
2020 849
2020 896
2020 1973
2022 581
2022 1013
2023 277
2023 293
2023 457
2023 819
2024 742
2024 911
2025 1875
2025 1968
2026 177
2026 415
2026 587
2026 1158
2026 1357
2026 1538
2027 601
2027 850
2027 1412
2028 416
2028 1974
2029 313
2029 417
2029 970
2029 1858
2029 2042
2030 312
2030 827
2030 1172
2030 1378
2031 1386
2032 76
2032 719
2032 744
2033 300
2033 1017
2033 1195
2034 910
2035 660
2035 1627
2036 614
2036 855
2036 1458
2037 284
2037 330
2037 680
2037 971
2037 1334
2038 412
2038 638
2038 701
2038 1026
2038 1139
2038 1256
2040 1239
2041 126
2041 1115
2041 1329
2042 1160
2042 1491
2043 291
2043 1324
2043 1756
2044 288
2044 406
2044 453
2044 1767
2044 1912
2045 490
2046 96
2046 474
2047 1005
2048 1541
2048 1739
